Latent Semantic 1:
[[  2.53224100e+06   4.27936974e-01]
 [  1.29213500e+06   3.52754697e-01]
 [  2.31240100e+06   3.25853188e-01]
 [  3.07696400e+06   3.24961318e-01]
 [  2.52074300e+06   2.44306020e-01]
 [  2.82371100e+06   1.95050622e-01]
 [  6.21487000e+05   1.89831946e-01]
 [  7.02631000e+05   1.89831946e-01]
 [  2.49555900e+06   1.83073745e-01]
 [  8.37734000e+05   1.83073745e-01]
 [  4.58990000e+04   1.65009388e-01]
 [  1.39578900e+06   1.65009388e-01]
 [  2.66581600e+06   1.32242178e-01]
 [  3.57145600e+06   1.13333347e-01]
 [  1.32307000e+06   1.13333347e-01]
 [  3.30146200e+06   1.13333347e-01]
 [  3.96877000e+05   1.11389858e-01]
 [  1.06974200e+06   1.11389858e-01]
 [  2.96355100e+06   1.05926125e-01]
 [  3.76370500e+06   1.05926125e-01]
 [  3.81356200e+06   1.04690406e-01]
 [  3.47129400e+06   1.04690406e-01]
 [  1.07266800e+06   1.04690406e-01]
 [  2.36966400e+06   1.04690406e-01]
 [  5.11361000e+05   1.04690406e-01]
 [  3.77600000e+05   1.04690406e-01]
 [  2.45419000e+06   8.92233947e-02]
 [  2.68134800e+06   4.24868861e-02]
 [  2.55860500e+06   4.24868861e-02]
 [  2.63611000e+05   4.24868861e-02]
 [  2.27402300e+06   3.40320409e-02]
 [  2.64748100e+06   3.40320409e-02]
 [  2.25715000e+05   3.40320409e-02]
 [  3.19124000e+05   3.40320409e-02]
 [  2.70664600e+06   3.40320409e-02]
 [  3.53746000e+05   3.40320409e-02]
 [  3.37595900e+06   2.95279964e-16]
 [  6.42688000e+05   2.58688156e-17]
 [  9.01175000e+05   1.60581807e-17]
 [  1.97819700e+06   1.60581807e-17]
 [  6.15230000e+04   7.61502972e-20]
 [  3.11611400e+06   5.41276926e-20]
 [  5.91435000e+05   5.41276926e-20]
 [  2.55725300e+06   5.24101636e-20]
 [  2.49435900e+06   5.08219768e-20]
 [  2.42789600e+06   4.06575815e-20]
 [  1.60636700e+06   1.61173511e-20]
 [  3.74743100e+06   1.61173511e-20]
 [  3.76284300e+06   1.61173511e-20]
 [  1.68114600e+06   1.61173511e-20]
 [  3.89020300e+06   1.61173511e-20]
 [  2.41111000e+06   1.61173511e-20]
 [  1.76083100e+06   1.97434845e-24]
 [  1.48018500e+06   1.97101630e-24]
 [  1.16704800e+06   1.65436123e-24]
 [  3.40598500e+06   1.37057751e-31]
 [  2.07654000e+06   1.36972739e-31]
 [  1.73926500e+06   9.86076132e-32]
 [  2.43364000e+06   1.04643921e-33]
 [  2.45226700e+06   9.54973454e-34]
 [  1.76121900e+06   9.39836913e-34]
 [  1.06030400e+06   8.76655092e-34]
 [  1.92954000e+06   2.65061994e-38]
 [  2.80570900e+06   2.04979697e-38]
 [  4.58558000e+05   5.95307994e-39]
 [  3.29247600e+06   5.95307994e-39]
 [  2.87165300e+06   5.95307994e-39]
 [  1.34234700e+06   9.33372201e-46]
 [  1.69804800e+06   9.33372201e-46]
 [  3.42617600e+06   9.33346810e-46]
 [  2.10881500e+06   0.00000000e+00]
 [  1.15804000e+06   0.00000000e+00]
 [  3.37364400e+06   0.00000000e+00]
 [  1.29772000e+06   0.00000000e+00]
 [  1.30913700e+06   0.00000000e+00]
 [  2.16610900e+06   0.00000000e+00]
 [  6.65569000e+05   0.00000000e+00]
 [  3.19152200e+06   0.00000000e+00]
 [  1.04951200e+06   0.00000000e+00]
 [  2.76998800e+06   0.00000000e+00]
 [  6.18247000e+05   0.00000000e+00]
 [  7.24992000e+05   0.00000000e+00]
 [  1.27353100e+06   0.00000000e+00]
 [  1.95387500e+06   0.00000000e+00]
 [  2.80515400e+06   0.00000000e+00]
 [  2.99107900e+06   0.00000000e+00]
 [  6.92749000e+05   0.00000000e+00]
 [  6.23809000e+05   0.00000000e+00]
 [  1.78380000e+04   0.00000000e+00]
 [  2.48147000e+06   0.00000000e+00]
 [  2.26052800e+06   0.00000000e+00]
 [  7.21841000e+05   0.00000000e+00]
 [  3.86263000e+05   0.00000000e+00]
 [  3.25735800e+06   0.00000000e+00]
 [  1.72631800e+06   0.00000000e+00]
 [  2.39268300e+06   0.00000000e+00]
 [  2.25389000e+05   0.00000000e+00]
 [  2.99717100e+06   0.00000000e+00]
 [  2.74676700e+06   0.00000000e+00]
 [  1.83984800e+06   0.00000000e+00]
 [  1.33513700e+06   0.00000000e+00]
 [  3.12095100e+06   0.00000000e+00]
 [  2.27625500e+06   0.00000000e+00]
 [  1.85612900e+06   0.00000000e+00]
 [  1.81760200e+06   0.00000000e+00]
 [  5.20603000e+05   0.00000000e+00]
 [  4.62304000e+05   0.00000000e+00]
 [  3.63208800e+06   0.00000000e+00]
 [  1.90051800e+06   0.00000000e+00]
 [  3.53718000e+05   0.00000000e+00]
 [  2.81607200e+06   0.00000000e+00]
 [  2.13183900e+06   0.00000000e+00]
 [  1.98379900e+06   0.00000000e+00]
 [  4.70697000e+05   0.00000000e+00]
 [  3.80717900e+06   0.00000000e+00]
 [  1.89208700e+06   0.00000000e+00]
 [  1.06141300e+06   0.00000000e+00]
 [  8.10424000e+05   0.00000000e+00]
 [  1.35191300e+06   0.00000000e+00]
 [  2.38391000e+05   0.00000000e+00]
 [  1.32995600e+06   0.00000000e+00]
 [  7.18017000e+05   0.00000000e+00]
 [  2.78679000e+05   0.00000000e+00]
 [  3.41353100e+06   0.00000000e+00]
 [  9.51580000e+05   0.00000000e+00]
 [  5.81911000e+05   0.00000000e+00]
 [  5.23435000e+05   0.00000000e+00]
 [  3.51312800e+06   0.00000000e+00]
 [  3.42628700e+06   0.00000000e+00]
 [  2.14599300e+06   0.00000000e+00]
 [  6.07316000e+05   0.00000000e+00]
 [  3.82502300e+06   0.00000000e+00]
 [  3.64944700e+06   0.00000000e+00]
 [  2.04962700e+06   0.00000000e+00]
 [  1.67199100e+06   0.00000000e+00]
 [  2.47205600e+06   0.00000000e+00]
 [  3.33993900e+06   0.00000000e+00]
 [  1.90736800e+06   0.00000000e+00]
 [  1.34804100e+06   0.00000000e+00]
 [  1.20631500e+06   0.00000000e+00]
 [  3.46419900e+06   0.00000000e+00]
 [  2.05501600e+06   0.00000000e+00]
 [  1.22983800e+06   0.00000000e+00]
 [  4.98094000e+05   0.00000000e+00]
 [  2.60557100e+06   0.00000000e+00]
 [  1.40545800e+06   0.00000000e+00]
 [  8.30152000e+05   0.00000000e+00]
 [  4.85553000e+05   0.00000000e+00]
 [  3.90026900e+06   0.00000000e+00]
 [  1.28645000e+05   0.00000000e+00]
 [  2.83459000e+05   0.00000000e+00]
 [  3.43108900e+06   0.00000000e+00]
 [  6.30173000e+05   0.00000000e+00]
 [  2.90614000e+05   0.00000000e+00]
 [  2.77808000e+05   0.00000000e+00]
 [  3.89847100e+06   0.00000000e+00]
 [  1.29079100e+06   0.00000000e+00]
 [  9.38435000e+05   0.00000000e+00]
 [  7.13207000e+05   0.00000000e+00]
 [  8.61346000e+05   0.00000000e+00]
 [  5.42238000e+05   0.00000000e+00]
 [  3.13166000e+05   0.00000000e+00]
 [  3.16365000e+05   0.00000000e+00]
 [  3.12168400e+06   0.00000000e+00]
 [  7.19241000e+05   0.00000000e+00]
 [  2.10205100e+06   0.00000000e+00]
 [  5.62270000e+05   0.00000000e+00]
 [  8.31209000e+05   0.00000000e+00]
 [  3.75676000e+06   0.00000000e+00]
 [  3.78174400e+06   0.00000000e+00]
 [  9.73296000e+05   0.00000000e+00]
 [  1.63746700e+06   0.00000000e+00]
 [  3.01987900e+06   0.00000000e+00]
 [  8.72868000e+05   0.00000000e+00]
 [  7.15492000e+05   0.00000000e+00]
 [  2.12586300e+06   0.00000000e+00]
 [  3.09770300e+06   0.00000000e+00]
 [  3.64840700e+06   0.00000000e+00]
 [  3.37981000e+05   0.00000000e+00]
 [  1.77131800e+06   0.00000000e+00]
 [  3.78389700e+06   0.00000000e+00]
 [  2.47682900e+06   0.00000000e+00]
 [  2.08302400e+06   0.00000000e+00]
 [  3.50376000e+05   0.00000000e+00]
 [  3.42573400e+06   0.00000000e+00]
 [  3.13485800e+06   0.00000000e+00]
 [  6.51056000e+05   0.00000000e+00]
 [  4.99028000e+05   0.00000000e+00]
 [  3.16857300e+06   0.00000000e+00]
 [  4.06221000e+05   0.00000000e+00]
 [  6.86710000e+04   0.00000000e+00]
 [  3.90721000e+06   0.00000000e+00]
 [  2.34037700e+06   0.00000000e+00]
 [  1.78104200e+06   0.00000000e+00]
 [  1.21658200e+06   0.00000000e+00]
 [  2.61345400e+06   0.00000000e+00]
 [  2.68212900e+06   0.00000000e+00]
 [  2.80625500e+06   0.00000000e+00]
 [  3.36889400e+06   0.00000000e+00]
 [  2.27510500e+06   0.00000000e+00]
 [  3.31016200e+06   0.00000000e+00]
 [  4.08123000e+05   0.00000000e+00]
 [  3.52035000e+06   0.00000000e+00]
 [  3.50993600e+06   0.00000000e+00]
 [  1.85342500e+06   0.00000000e+00]
 [  4.16857000e+05   0.00000000e+00]
 [  2.67298300e+06   0.00000000e+00]
 [  4.12301000e+05   0.00000000e+00]
 [  1.76713000e+05   0.00000000e+00]
 [  3.25191200e+06   0.00000000e+00]
 [  4.86691000e+05   0.00000000e+00]
 [  3.10310000e+05   0.00000000e+00]
 [  2.87032300e+06   0.00000000e+00]
 [  2.47263500e+06   0.00000000e+00]
 [  1.58476300e+06   0.00000000e+00]
 [  2.74522800e+06   0.00000000e+00]
 [  2.33895900e+06   0.00000000e+00]
 [  2.17722700e+06   0.00000000e+00]
 [  1.54227900e+06   0.00000000e+00]
 [  2.67833200e+06   0.00000000e+00]
 [  9.25935000e+05   0.00000000e+00]
 [  1.33985000e+05   0.00000000e+00]
 [  3.24981200e+06   0.00000000e+00]
 [  7.82027000e+05   0.00000000e+00]
 [  3.12142000e+05   0.00000000e+00]
 [  1.82312700e+06   0.00000000e+00]
 [  1.76702600e+06   0.00000000e+00]
 [  1.65844100e+06   0.00000000e+00]
 [  7.55909000e+05   0.00000000e+00]
 [  3.78841300e+06   0.00000000e+00]
 [  3.01735900e+06   0.00000000e+00]
 [  2.41313300e+06   0.00000000e+00]
 [  2.81967900e+06   0.00000000e+00]
 [  3.81162600e+06   0.00000000e+00]
 [  2.43659900e+06   0.00000000e+00]
 [  2.47612500e+06   0.00000000e+00]
 [  3.39013000e+05   0.00000000e+00]
 [  1.19019200e+06   0.00000000e+00]
 [  1.37471900e+06   0.00000000e+00]
 [  3.80563200e+06   0.00000000e+00]
 [  1.79245500e+06   0.00000000e+00]
 [  3.55898600e+06   0.00000000e+00]
 [  2.14968500e+06   0.00000000e+00]
 [  2.77151000e+05   0.00000000e+00]
 [  1.19839700e+06   0.00000000e+00]
 [  8.78356000e+05   0.00000000e+00]
 [  1.86088300e+06   0.00000000e+00]
 [  2.94626400e+06   0.00000000e+00]
 [  2.75765800e+06   0.00000000e+00]
 [  2.19797800e+06   0.00000000e+00]
 [  3.65057700e+06   0.00000000e+00]
 [  9.87727000e+05   0.00000000e+00]
 [  1.80844200e+06   0.00000000e+00]
 [  2.73192300e+06   0.00000000e+00]
 [  3.56860700e+06   0.00000000e+00]
 [  7.55967000e+05   0.00000000e+00]
 [  2.28426900e+06   0.00000000e+00]
 [  2.89976600e+06   0.00000000e+00]
 [  4.50680000e+05   0.00000000e+00]
 [  3.54474200e+06   0.00000000e+00]
 [  2.08221200e+06   0.00000000e+00]
 [  3.95152400e+06   0.00000000e+00]
 [  9.65850000e+04   0.00000000e+00]
 [  1.72359000e+05   0.00000000e+00]
 [  4.55857000e+05   0.00000000e+00]
 [  6.30676000e+05   0.00000000e+00]
 [  6.65574000e+05   0.00000000e+00]
 [  5.65786000e+05   0.00000000e+00]
 [  3.70490800e+06   0.00000000e+00]
 [  5.15252000e+05   0.00000000e+00]
 [  1.02152600e+06   0.00000000e+00]
 [  2.65486900e+06   0.00000000e+00]
 [  2.40831100e+06   0.00000000e+00]
 [  1.74771900e+06   0.00000000e+00]
 [  7.49056000e+05   0.00000000e+00]
 [  7.33545000e+05   0.00000000e+00]
 [  3.73028600e+06   0.00000000e+00]
 [  2.27758100e+06   0.00000000e+00]
 [  4.61637000e+05   0.00000000e+00]
 [  9.94570000e+04   0.00000000e+00]
 [  3.83886100e+06   0.00000000e+00]
 [  3.61842800e+06   0.00000000e+00]
 [  1.46366900e+06   0.00000000e+00]
 [  1.17003900e+06   0.00000000e+00]
 [  1.26063100e+06   0.00000000e+00]
 [  1.07258400e+06   0.00000000e+00]
 [  6.02906000e+05   0.00000000e+00]
 [  9.52910000e+05   0.00000000e+00]
 [  3.44736900e+06   0.00000000e+00]
 [  3.37313600e+06   0.00000000e+00]
 [  2.86795500e+06   0.00000000e+00]
 [  2.43089800e+06   0.00000000e+00]
 [  3.59999300e+06   0.00000000e+00]
 [  2.32994900e+06   0.00000000e+00]
 [  2.68916400e+06   0.00000000e+00]
 [  3.22458000e+05   0.00000000e+00]
 [  7.20541000e+05   0.00000000e+00]
 [  2.65541600e+06   0.00000000e+00]
 [  1.01498800e+06  -4.20389539e-45]
 [  2.35519500e+06  -4.78477757e-39]
 [  1.48382800e+06  -4.78477757e-39]
 [  1.25370100e+06  -4.78477757e-39]
 [  1.79328300e+06  -2.04873871e-38]
 [  2.96154700e+06  -2.29882901e-38]
 [  3.61970200e+06  -4.33680869e-18]
 [  2.87524900e+06  -6.93889390e-18]
 [  6.06633000e+05  -1.78558768e-17]
 [  6.08635000e+05  -1.99889027e-17]
 [  1.40200100e+06  -2.65372777e-16]]
Latent Semantic 2:
[[  2.31240100e+06   4.49799086e-01]
 [  2.66581600e+06   2.40288406e-01]
 [  3.96877000e+05   1.91091678e-01]
 [  1.06974200e+06   1.91091678e-01]
 [  3.81356200e+06   1.72251670e-01]
 [  1.07266800e+06   1.72251670e-01]
 [  2.36966400e+06   1.72251670e-01]
 [  5.11361000e+05   1.72251670e-01]
 [  3.77600000e+05   1.72251670e-01]
 [  3.47129400e+06   1.72251670e-01]
 [  1.39578900e+06   1.54683036e-01]
 [  4.58990000e+04   1.54683036e-01]
 [  1.29213500e+06   1.08806237e-01]
 [  2.68134800e+06   9.20190378e-02]
 [  2.55860500e+06   9.20190378e-02]
 [  2.63611000e+05   9.20190378e-02]
 [  1.32307000e+06   4.16676170e-02]
 [  3.30146200e+06   4.16676170e-02]
 [  3.57145600e+06   4.16676170e-02]
 [  1.40200100e+06   2.08050529e-16]
 [  6.08635000e+05   3.34652777e-17]
 [  6.42688000e+05   3.09167070e-17]
 [  1.97819700e+06   2.35624318e-17]
 [  9.01175000e+05   2.35624318e-17]
 [  6.06633000e+05   2.25379944e-17]
 [  6.15230000e+04   1.67489658e-18]
 [  3.11611400e+06   1.02251452e-18]
 [  5.91435000e+05   1.02251452e-18]
 [  2.55725300e+06   8.47032947e-19]
 [  2.49435900e+06   7.86046575e-19]
 [  1.60636700e+06   5.28414617e-19]
 [  3.74743100e+06   5.28414617e-19]
 [  3.76284300e+06   5.28414617e-19]
 [  1.68114600e+06   5.28414617e-19]
 [  3.89020300e+06   5.28414617e-19]
 [  2.41111000e+06   5.28414617e-19]
 [  2.42789600e+06   4.33680869e-19]
 [  1.16704800e+06   7.27918939e-23]
 [  1.48018500e+06   6.61744490e-23]
 [  1.76083100e+06   6.61679867e-23]
 [  3.40598500e+06   1.20213658e-29]
 [  2.07654000e+06   1.20170325e-29]
 [  1.73926500e+06   9.46633086e-30]
 [  2.43364000e+06   5.16714636e-32]
 [  2.45226700e+06   4.72336116e-32]
 [  1.76121900e+06   4.64991976e-32]
 [  1.06030400e+06   4.34336670e-32]
 [  1.92954000e+06   1.28639719e-36]
 [  2.80570900e+06   9.93522315e-37]
 [  3.29247600e+06   2.89046543e-37]
 [  4.58558000e+05   2.89046543e-37]
 [  2.87165300e+06   2.89046543e-37]
 [  1.34234700e+06   4.52890358e-44]
 [  1.69804800e+06   4.52876674e-44]
 [  3.42617600e+06   4.52874108e-44]
 [  6.18247000e+05   0.00000000e+00]
 [  2.76998800e+06   0.00000000e+00]
 [  6.65569000e+05   0.00000000e+00]
 [  1.04951200e+06   0.00000000e+00]
 [  1.95387500e+06   0.00000000e+00]
 [  7.24992000e+05   0.00000000e+00]
 [  3.19152200e+06   0.00000000e+00]
 [  3.37364400e+06   0.00000000e+00]
 [  1.29772000e+06   0.00000000e+00]
 [  1.30913700e+06   0.00000000e+00]
 [  2.16610900e+06   0.00000000e+00]
 [  2.10881500e+06   0.00000000e+00]
 [  5.20603000e+05   0.00000000e+00]
 [  1.15804000e+06   0.00000000e+00]
 [  4.62304000e+05   0.00000000e+00]
 [  2.39268300e+06   0.00000000e+00]
 [  1.81760200e+06   0.00000000e+00]
 [  7.55967000e+05   0.00000000e+00]
 [  3.56860700e+06   0.00000000e+00]
 [  2.73192300e+06   0.00000000e+00]
 [  2.61345400e+06   0.00000000e+00]
 [  7.19241000e+05   0.00000000e+00]
 [  2.99107900e+06   0.00000000e+00]
 [  6.92749000e+05   0.00000000e+00]
 [  6.23809000e+05   0.00000000e+00]
 [  1.78380000e+04   0.00000000e+00]
 [  2.48147000e+06   0.00000000e+00]
 [  2.26052800e+06   0.00000000e+00]
 [  3.63208800e+06   0.00000000e+00]
 [  7.21841000e+05   0.00000000e+00]
 [  3.86263000e+05   0.00000000e+00]
 [  3.25735800e+06   0.00000000e+00]
 [  2.80515400e+06   0.00000000e+00]
 [  1.72631800e+06   0.00000000e+00]
 [  1.27353100e+06   0.00000000e+00]
 [  2.99717100e+06   0.00000000e+00]
 [  2.74676700e+06   0.00000000e+00]
 [  1.83984800e+06   0.00000000e+00]
 [  1.33513700e+06   0.00000000e+00]
 [  3.12095100e+06   0.00000000e+00]
 [  2.27625500e+06   0.00000000e+00]
 [  1.85612900e+06   0.00000000e+00]
 [  2.25389000e+05   0.00000000e+00]
 [  1.90736800e+06   0.00000000e+00]
 [  1.90051800e+06   0.00000000e+00]
 [  1.34804100e+06   0.00000000e+00]
 [  3.53718000e+05   0.00000000e+00]
 [  2.81607200e+06   0.00000000e+00]
 [  2.13183900e+06   0.00000000e+00]
 [  1.98379900e+06   0.00000000e+00]
 [  4.70697000e+05   0.00000000e+00]
 [  3.80717900e+06   0.00000000e+00]
 [  1.89208700e+06   0.00000000e+00]
 [  1.06141300e+06   0.00000000e+00]
 [  8.10424000e+05   0.00000000e+00]
 [  1.35191300e+06   0.00000000e+00]
 [  2.38391000e+05   0.00000000e+00]
 [  1.32995600e+06   0.00000000e+00]
 [  7.18017000e+05   0.00000000e+00]
 [  2.78679000e+05   0.00000000e+00]
 [  3.41353100e+06   0.00000000e+00]
 [  9.51580000e+05   0.00000000e+00]
 [  5.81911000e+05   0.00000000e+00]
 [  5.23435000e+05   0.00000000e+00]
 [  3.51312800e+06   0.00000000e+00]
 [  3.42628700e+06   0.00000000e+00]
 [  2.14599300e+06   0.00000000e+00]
 [  6.07316000e+05   0.00000000e+00]
 [  3.82502300e+06   0.00000000e+00]
 [  3.64944700e+06   0.00000000e+00]
 [  2.04962700e+06   0.00000000e+00]
 [  1.67199100e+06   0.00000000e+00]
 [  2.47205600e+06   0.00000000e+00]
 [  3.33993900e+06   0.00000000e+00]
 [  3.16365000e+05   0.00000000e+00]
 [  1.20631500e+06   0.00000000e+00]
 [  3.46419900e+06   0.00000000e+00]
 [  2.05501600e+06   0.00000000e+00]
 [  1.22983800e+06   0.00000000e+00]
 [  4.98094000e+05   0.00000000e+00]
 [  2.60557100e+06   0.00000000e+00]
 [  1.40545800e+06   0.00000000e+00]
 [  8.30152000e+05   0.00000000e+00]
 [  4.85553000e+05   0.00000000e+00]
 [  3.90026900e+06   0.00000000e+00]
 [  2.89976600e+06   0.00000000e+00]
 [  1.28645000e+05   0.00000000e+00]
 [  2.83459000e+05   0.00000000e+00]
 [  3.43108900e+06   0.00000000e+00]
 [  6.30173000e+05   0.00000000e+00]
 [  2.90614000e+05   0.00000000e+00]
 [  2.77808000e+05   0.00000000e+00]
 [  3.89847100e+06   0.00000000e+00]
 [  1.29079100e+06   0.00000000e+00]
 [  9.38435000e+05   0.00000000e+00]
 [  7.13207000e+05   0.00000000e+00]
 [  8.61346000e+05   0.00000000e+00]
 [  5.42238000e+05   0.00000000e+00]
 [  3.13166000e+05   0.00000000e+00]
 [  2.28426900e+06   0.00000000e+00]
 [  3.12168400e+06   0.00000000e+00]
 [  4.50680000e+05   0.00000000e+00]
 [  1.63746700e+06   0.00000000e+00]
 [  3.78389700e+06   0.00000000e+00]
 [  5.62270000e+05   0.00000000e+00]
 [  8.31209000e+05   0.00000000e+00]
 [  3.75676000e+06   0.00000000e+00]
 [  3.78174400e+06   0.00000000e+00]
 [  9.73296000e+05   0.00000000e+00]
 [  2.10205100e+06   0.00000000e+00]
 [  2.08302400e+06   0.00000000e+00]
 [  3.01987900e+06   0.00000000e+00]
 [  7.15492000e+05   0.00000000e+00]
 [  2.12586300e+06   0.00000000e+00]
 [  3.09770300e+06   0.00000000e+00]
 [  3.64840700e+06   0.00000000e+00]
 [  3.37981000e+05   0.00000000e+00]
 [  2.47682900e+06   0.00000000e+00]
 [  3.50376000e+05   0.00000000e+00]
 [  2.75765800e+06   0.00000000e+00]
 [  2.34037700e+06   0.00000000e+00]
 [  8.72868000e+05   0.00000000e+00]
 [  2.41313300e+06   0.00000000e+00]
 [  2.68212900e+06   0.00000000e+00]
 [  2.81967900e+06   0.00000000e+00]
 [  1.80844200e+06   0.00000000e+00]
 [  1.78104200e+06   0.00000000e+00]
 [  3.90721000e+06   0.00000000e+00]
 [  3.42573400e+06   0.00000000e+00]
 [  6.86710000e+04   0.00000000e+00]
 [  4.06221000e+05   0.00000000e+00]
 [  3.16857300e+06   0.00000000e+00]
 [  4.99028000e+05   0.00000000e+00]
 [  6.51056000e+05   0.00000000e+00]
 [  3.13485800e+06   0.00000000e+00]
 [  1.77131800e+06   0.00000000e+00]
 [  2.80625500e+06   0.00000000e+00]
 [  3.36889400e+06   0.00000000e+00]
 [  1.76713000e+05   0.00000000e+00]
 [  1.58476300e+06   0.00000000e+00]
 [  2.47263500e+06   0.00000000e+00]
 [  2.87032300e+06   0.00000000e+00]
 [  3.10310000e+05   0.00000000e+00]
 [  4.86691000e+05   0.00000000e+00]
 [  3.25191200e+06   0.00000000e+00]
 [  4.12301000e+05   0.00000000e+00]
 [  2.27510500e+06   0.00000000e+00]
 [  2.67298300e+06   0.00000000e+00]
 [  4.16857000e+05   0.00000000e+00]
 [  1.85342500e+06   0.00000000e+00]
 [  3.50993600e+06   0.00000000e+00]
 [  3.52035000e+06   0.00000000e+00]
 [  4.08123000e+05   0.00000000e+00]
 [  3.31016200e+06   0.00000000e+00]
 [  2.74522800e+06   0.00000000e+00]
 [  2.17722700e+06   0.00000000e+00]
 [  1.54227900e+06   0.00000000e+00]
 [  2.67833200e+06   0.00000000e+00]
 [  9.25935000e+05   0.00000000e+00]
 [  1.33985000e+05   0.00000000e+00]
 [  3.24981200e+06   0.00000000e+00]
 [  7.82027000e+05   0.00000000e+00]
 [  3.12142000e+05   0.00000000e+00]
 [  1.82312700e+06   0.00000000e+00]
 [  1.76702600e+06   0.00000000e+00]
 [  1.65844100e+06   0.00000000e+00]
 [  7.55909000e+05   0.00000000e+00]
 [  3.78841300e+06   0.00000000e+00]
 [  3.01735900e+06   0.00000000e+00]
 [  2.33895900e+06   0.00000000e+00]
 [  3.81162600e+06   0.00000000e+00]
 [  1.21658200e+06   0.00000000e+00]
 [  2.65486900e+06   0.00000000e+00]
 [  2.68916400e+06   0.00000000e+00]
 [  9.87727000e+05   0.00000000e+00]
 [  5.65786000e+05   0.00000000e+00]
 [  3.70490800e+06   0.00000000e+00]
 [  2.94626400e+06   0.00000000e+00]
 [  1.86088300e+06   0.00000000e+00]
 [  8.78356000e+05   0.00000000e+00]
 [  1.19839700e+06   0.00000000e+00]
 [  2.77151000e+05   0.00000000e+00]
 [  3.55898600e+06   0.00000000e+00]
 [  2.43659900e+06   0.00000000e+00]
 [  1.79245500e+06   0.00000000e+00]
 [  3.80563200e+06   0.00000000e+00]
 [  1.37471900e+06   0.00000000e+00]
 [  1.19019200e+06   0.00000000e+00]
 [  3.39013000e+05   0.00000000e+00]
 [  2.47612500e+06   0.00000000e+00]
 [  2.19797800e+06   0.00000000e+00]
 [  2.14968500e+06   0.00000000e+00]
 [  3.65057700e+06   0.00000000e+00]
 [  2.08221200e+06   0.00000000e+00]
 [  6.65574000e+05   0.00000000e+00]
 [  6.30676000e+05   0.00000000e+00]
 [  4.55857000e+05   0.00000000e+00]
 [  1.72359000e+05   0.00000000e+00]
 [  9.65850000e+04   0.00000000e+00]
 [  3.95152400e+06   0.00000000e+00]
 [  3.54474200e+06   0.00000000e+00]
 [  1.17003900e+06   0.00000000e+00]
 [  1.07258400e+06   0.00000000e+00]
 [  3.22458000e+05   0.00000000e+00]
 [  3.37313600e+06   0.00000000e+00]
 [  2.40831100e+06   0.00000000e+00]
 [  1.74771900e+06   0.00000000e+00]
 [  7.49056000e+05   0.00000000e+00]
 [  7.33545000e+05   0.00000000e+00]
 [  3.73028600e+06   0.00000000e+00]
 [  2.27758100e+06   0.00000000e+00]
 [  4.61637000e+05   0.00000000e+00]
 [  9.94570000e+04   0.00000000e+00]
 [  3.61842800e+06   0.00000000e+00]
 [  1.46366900e+06   0.00000000e+00]
 [  5.15252000e+05   0.00000000e+00]
 [  1.26063100e+06   0.00000000e+00]
 [  1.02152600e+06   0.00000000e+00]
 [  3.44736900e+06   0.00000000e+00]
 [  3.83886100e+06   0.00000000e+00]
 [  9.52910000e+05   0.00000000e+00]
 [  2.86795500e+06   0.00000000e+00]
 [  2.43089800e+06   0.00000000e+00]
 [  3.59999300e+06   0.00000000e+00]
 [  2.32994900e+06   0.00000000e+00]
 [  6.02906000e+05   0.00000000e+00]
 [  7.20541000e+05   0.00000000e+00]
 [  2.65541600e+06   0.00000000e+00]
 [  1.01498800e+06  -1.79366203e-43]
 [  2.35519500e+06  -2.32681832e-37]
 [  1.48382800e+06  -2.32681832e-37]
 [  1.25370100e+06  -2.32681832e-37]
 [  1.79328300e+06  -9.96816914e-37]
 [  2.96154700e+06  -1.11502068e-36]
 [  3.61970200e+06  -2.08166817e-17]
 [  2.87524900e+06  -2.77555756e-17]
 [  3.37595900e+06  -2.23975789e-16]
 [  7.02631000e+05  -4.87632322e-02]
 [  6.21487000e+05  -4.87632322e-02]
 [  3.19124000e+05  -5.87783001e-02]
 [  3.53746000e+05  -5.87783001e-02]
 [  2.70664600e+06  -5.87783001e-02]
 [  2.64748100e+06  -5.87783001e-02]
 [  2.27402300e+06  -5.87783001e-02]
 [  2.25715000e+05  -5.87783001e-02]
 [  2.45419000e+06  -1.22062176e-01]
 [  2.96355100e+06  -1.53487195e-01]
 [  3.76370500e+06  -1.53487195e-01]
 [  2.49555900e+06  -1.58257839e-01]
 [  8.37734000e+05  -1.58257839e-01]
 [  2.82371100e+06  -1.79430195e-01]
 [  2.52074300e+06  -2.55889718e-01]
 [  2.53224100e+06  -2.84904417e-01]
 [  3.07696400e+06  -2.86610555e-01]]
Latent Semantic 3:
[[  1.04951200e+06   5.45470085e-01]
 [  7.24992000e+05   3.67151245e-01]
 [  2.76998800e+06   2.76696719e-01]
 [  6.65569000e+05   2.76696719e-01]
 [  1.72359000e+05   2.37339113e-01]
 [  2.47263500e+06   2.37339113e-01]
 [  4.55857000e+05   2.37339113e-01]
 [  9.65850000e+04   2.37339113e-01]
 [  1.58476300e+06   2.37339113e-01]
 [  2.87032300e+06   2.37339113e-01]
 [  2.75765800e+06   1.59750925e-01]
 [  3.81162600e+06   1.59750925e-01]
 [  2.65486900e+06   1.59750925e-01]
 [  2.16610900e+06   9.57851982e-17]
 [  2.47205600e+06   4.08340463e-17]
 [  1.60636700e+06   3.78435314e-17]
 [  2.68134800e+06   3.68678785e-17]
 [  1.01498800e+06   3.36215926e-17]
 [  4.98094000e+05   3.22911723e-17]
 [  2.81607200e+06   3.19489004e-17]
 [  3.11611400e+06   3.10060040e-17]
 [  2.77808000e+05   2.81021205e-17]
 [  2.87524900e+06   2.39805185e-17]
 [  3.47129400e+06   2.33719994e-17]
 [  5.20603000e+05   2.22407875e-17]
 [  1.92954000e+06   2.19423949e-17]
 [  1.34804100e+06   1.97826144e-17]
 [  3.96877000e+05   1.78745980e-17]
 [  1.76083100e+06   1.74565459e-17]
 [  2.64748100e+06   1.71917236e-17]
 [  3.16857300e+06   1.71845420e-17]
 [  1.48018500e+06   1.63347537e-17]
 [  1.97819700e+06   1.57251474e-17]
 [  2.43659900e+06   1.53902525e-17]
 [  1.28645000e+05   1.51637982e-17]
 [  6.30173000e+05   1.43485580e-17]
 [  2.60557100e+06   1.28547138e-17]
 [  1.20631500e+06   1.20739075e-17]
 [  3.40598500e+06   1.18724187e-17]
 [  1.69804800e+06   1.09760495e-17]
 [  3.89020300e+06   1.07506876e-17]
 [  2.70664600e+06   1.04346054e-17]
 [  1.48382800e+06   9.92576296e-18]
 [  3.30146200e+06   9.62085156e-18]
 [  7.02631000e+05   9.12572461e-18]
 [  4.58558000e+05   8.22098223e-18]
 [  2.42789600e+06   7.82319030e-18]
 [  3.54474200e+06   7.77461559e-18]
 [  4.85553000e+05   7.28432583e-18]
 [  2.55725300e+06   7.27617143e-18]
 [  2.83459000e+05   7.18535359e-18]
 [  4.58990000e+04   6.27453412e-18]
 [  2.07654000e+06   5.90740029e-18]
 [  3.81356200e+06   5.89150959e-18]
 [  1.98379900e+06   5.54342508e-18]
 [  3.95152400e+06   5.39213514e-18]
 [  1.73926500e+06   5.05707538e-18]
 [  2.32994900e+06   4.97757634e-18]
 [  1.02152600e+06   4.67812614e-18]
 [  8.10424000e+05   3.40930203e-18]
 [  6.86710000e+04   3.22631368e-18]
 [  2.43364000e+06   3.09465489e-18]
 [  2.41111000e+06   3.05597589e-18]
 [  1.76121900e+06   2.11345390e-18]
 [  1.06030400e+06   1.80349335e-18]
 [  1.29079100e+06   1.79737395e-18]
 [  3.16365000e+05   1.24302756e-18]
 [  3.57145600e+06   8.55180983e-19]
 [  3.80717900e+06   1.70929945e-19]
 [  1.79245500e+06   2.69791292e-20]
 [  2.82371100e+06   3.38963670e-32]
 [  2.80570900e+06   3.18622927e-32]
 [  5.42238000e+05   3.08984940e-32]
 [  3.89847100e+06   2.46519033e-32]
 [  2.49555900e+06   1.69481835e-32]
 [  3.63208800e+06   1.43250686e-32]
 [  2.77151000e+05   1.35546966e-32]
 [  2.45419000e+06   1.23259516e-32]
 [  2.96355100e+06   1.15555797e-32]
 [  8.37734000e+05   6.93334780e-33]
 [  3.07696400e+06   6.43808971e-33]
 [  6.15230000e+04   2.67937909e-33]
 [  3.37595900e+06   1.58425574e-33]
 [  1.79328300e+06   1.54074396e-33]
 [  6.08635000e+05   7.87703088e-34]
 [  1.90736800e+06   7.02694142e-34]
 [  6.06633000e+05   6.20633007e-34]
 [  6.23809000e+05   0.00000000e+00]
 [  6.92749000e+05   0.00000000e+00]
 [  2.99107900e+06   0.00000000e+00]
 [  2.19797800e+06   0.00000000e+00]
 [  1.78380000e+04   0.00000000e+00]
 [  7.19241000e+05   0.00000000e+00]
 [  2.89976600e+06   0.00000000e+00]
 [  2.28426900e+06   0.00000000e+00]
 [  2.61345400e+06   0.00000000e+00]
 [  2.73192300e+06   0.00000000e+00]
 [  3.56860700e+06   0.00000000e+00]
 [  7.55967000e+05   0.00000000e+00]
 [  6.30676000e+05   0.00000000e+00]
 [  4.50680000e+05   0.00000000e+00]
 [  3.65057700e+06   0.00000000e+00]
 [  2.08221200e+06   0.00000000e+00]
 [  6.65574000e+05   0.00000000e+00]
 [  2.14968500e+06   0.00000000e+00]
 [  4.62304000e+05   0.00000000e+00]
 [  2.48147000e+06   0.00000000e+00]
 [  1.29772000e+06   0.00000000e+00]
 [  2.04962700e+06   0.00000000e+00]
 [  3.64944700e+06   0.00000000e+00]
 [  3.82502300e+06   0.00000000e+00]
 [  6.07316000e+05   0.00000000e+00]
 [  2.14599300e+06   0.00000000e+00]
 [  3.42628700e+06   0.00000000e+00]
 [  3.51312800e+06   0.00000000e+00]
 [  5.23435000e+05   0.00000000e+00]
 [  5.81911000e+05   0.00000000e+00]
 [  9.51580000e+05   0.00000000e+00]
 [  3.41353100e+06   0.00000000e+00]
 [  2.31240100e+06   0.00000000e+00]
 [  6.18247000e+05   0.00000000e+00]
 [  1.81760200e+06   0.00000000e+00]
 [  2.26052800e+06   0.00000000e+00]
 [  1.85612900e+06   0.00000000e+00]
 [  2.27625500e+06   0.00000000e+00]
 [  3.12095100e+06   0.00000000e+00]
 [  1.33513700e+06   0.00000000e+00]
 [  1.83984800e+06   0.00000000e+00]
 [  2.74676700e+06   0.00000000e+00]
 [  2.99717100e+06   0.00000000e+00]
 [  1.27353100e+06   0.00000000e+00]
 [  1.72631800e+06   0.00000000e+00]
 [  2.80515400e+06   0.00000000e+00]
 [  3.25735800e+06   0.00000000e+00]
 [  3.86263000e+05   0.00000000e+00]
 [  7.21841000e+05   0.00000000e+00]
 [  2.47612500e+06   0.00000000e+00]
 [  3.12168400e+06   0.00000000e+00]
 [  5.62270000e+05   0.00000000e+00]
 [  3.78174400e+06   0.00000000e+00]
 [  3.36889400e+06   0.00000000e+00]
 [  2.80625500e+06   0.00000000e+00]
 [  1.77131800e+06   0.00000000e+00]
 [  3.37981000e+05   0.00000000e+00]
 [  3.64840700e+06   0.00000000e+00]
 [  3.09770300e+06   0.00000000e+00]
 [  2.12586300e+06   0.00000000e+00]
 [  7.15492000e+05   0.00000000e+00]
 [  3.01987900e+06   0.00000000e+00]
 [  2.10205100e+06   0.00000000e+00]
 [  1.63746700e+06   0.00000000e+00]
 [  9.73296000e+05   0.00000000e+00]
 [  3.75676000e+06   0.00000000e+00]
 [  2.81967900e+06   0.00000000e+00]
 [  8.31209000e+05   0.00000000e+00]
 [  3.78389700e+06   0.00000000e+00]
 [  2.47682900e+06   0.00000000e+00]
 [  2.08302400e+06   0.00000000e+00]
 [  3.50376000e+05   0.00000000e+00]
 [  3.42573400e+06   0.00000000e+00]
 [  3.13485800e+06   0.00000000e+00]
 [  6.51056000e+05   0.00000000e+00]
 [  4.99028000e+05   0.00000000e+00]
 [  3.90721000e+06   0.00000000e+00]
 [  2.34037700e+06   0.00000000e+00]
 [  1.78104200e+06   0.00000000e+00]
 [  2.27510500e+06   0.00000000e+00]
 [  2.33895900e+06   0.00000000e+00]
 [  3.01735900e+06   0.00000000e+00]
 [  3.78841300e+06   0.00000000e+00]
 [  4.08123000e+05   0.00000000e+00]
 [  3.52035000e+06   0.00000000e+00]
 [  3.50993600e+06   0.00000000e+00]
 [  1.85342500e+06   0.00000000e+00]
 [  4.16857000e+05   0.00000000e+00]
 [  2.67298300e+06   0.00000000e+00]
 [  4.12301000e+05   0.00000000e+00]
 [  1.76713000e+05   0.00000000e+00]
 [  3.25191200e+06   0.00000000e+00]
 [  4.86691000e+05   0.00000000e+00]
 [  3.10310000e+05   0.00000000e+00]
 [  3.31016200e+06   0.00000000e+00]
 [  2.74522800e+06   0.00000000e+00]
 [  2.17722700e+06   0.00000000e+00]
 [  1.54227900e+06   0.00000000e+00]
 [  2.67833200e+06   0.00000000e+00]
 [  9.25935000e+05   0.00000000e+00]
 [  1.33985000e+05   0.00000000e+00]
 [  3.24981200e+06   0.00000000e+00]
 [  7.82027000e+05   0.00000000e+00]
 [  3.12142000e+05   0.00000000e+00]
 [  1.82312700e+06   0.00000000e+00]
 [  1.76702600e+06   0.00000000e+00]
 [  1.65844100e+06   0.00000000e+00]
 [  7.55909000e+05   0.00000000e+00]
 [  1.21658200e+06   0.00000000e+00]
 [  1.07258400e+06   0.00000000e+00]
 [  2.68212900e+06   0.00000000e+00]
 [  3.73028600e+06   0.00000000e+00]
 [  4.61637000e+05   0.00000000e+00]
 [  9.94570000e+04   0.00000000e+00]
 [  3.83886100e+06   0.00000000e+00]
 [  3.61842800e+06   0.00000000e+00]
 [  1.46366900e+06   0.00000000e+00]
 [  5.15252000e+05   0.00000000e+00]
 [  3.37313600e+06   0.00000000e+00]
 [  2.86795500e+06   0.00000000e+00]
 [  2.43089800e+06   0.00000000e+00]
 [  2.65541600e+06   0.00000000e+00]
 [  9.52910000e+05   0.00000000e+00]
 [  7.20541000e+05   0.00000000e+00]
 [  3.22458000e+05   0.00000000e+00]
 [  2.68916400e+06   0.00000000e+00]
 [  1.17003900e+06   0.00000000e+00]
 [  9.87727000e+05   0.00000000e+00]
 [  5.65786000e+05   0.00000000e+00]
 [  3.70490800e+06   0.00000000e+00]
 [  2.94626400e+06   0.00000000e+00]
 [  1.86088300e+06   0.00000000e+00]
 [  8.78356000e+05   0.00000000e+00]
 [  3.80563200e+06   0.00000000e+00]
 [  1.37471900e+06   0.00000000e+00]
 [  1.19019200e+06   0.00000000e+00]
 [  3.39013000e+05   0.00000000e+00]
 [  2.27758100e+06   0.00000000e+00]
 [  3.44736900e+06   0.00000000e+00]
 [  7.33545000e+05   0.00000000e+00]
 [  2.41313300e+06   0.00000000e+00]
 [  8.72868000e+05   0.00000000e+00]
 [  7.49056000e+05   0.00000000e+00]
 [  2.40831100e+06   0.00000000e+00]
 [  1.74771900e+06   0.00000000e+00]
 [  2.13183900e+06  -8.12472049e-34]
 [  1.40200100e+06  -8.14793223e-34]
 [  7.13207000e+05  -3.08148791e-33]
 [  2.66581600e+06  -3.85185989e-33]
 [  3.76370500e+06  -4.62223187e-33]
 [  2.39268300e+06  -4.69901860e-33]
 [  1.95387500e+06  -4.69901860e-33]
 [  1.30913700e+06  -4.69901860e-33]
 [  1.32995600e+06  -5.09649508e-33]
 [  2.52074300e+06  -1.38666956e-32]
 [  2.53224100e+06  -1.45965777e-32]
 [  1.29213500e+06  -1.54074396e-32]
 [  1.19839700e+06  -1.68456891e-32]
 [  1.89208700e+06  -4.29620680e-32]
 [  3.29247600e+06  -3.12425210e-20]
 [  3.77600000e+05  -2.89372996e-19]
 [  3.53746000e+05  -4.22888584e-19]
 [  6.02906000e+05  -7.66931648e-19]
 [  1.25370100e+06  -1.17179854e-18]
 [  3.19152200e+06  -1.53143557e-18]
 [  3.37364400e+06  -1.54611707e-18]
 [  9.01175000e+05  -1.69625129e-18]
 [  1.15804000e+06  -1.73472348e-18]
 [  9.38435000e+05  -1.79737395e-18]
 [  3.13166000e+05  -1.92529837e-18]
 [  2.25389000e+05  -2.64829621e-18]
 [  2.05501600e+06  -3.30672478e-18]
 [  1.06141300e+06  -3.58023198e-18]
 [  3.59999300e+06  -4.21064469e-18]
 [  3.46419900e+06  -4.58701963e-18]
 [  1.26063100e+06  -4.67812614e-18]
 [  8.61346000e+05  -5.26005523e-18]
 [  2.36966400e+06  -5.60213660e-18]
 [  3.76284300e+06  -5.75278593e-18]
 [  7.18017000e+05  -5.97030861e-18]
 [  1.39578900e+06  -6.27453412e-18]
 [  2.45226700e+06  -7.01160214e-18]
 [  2.25715000e+05  -7.53261119e-18]
 [  3.33993900e+06  -8.15658363e-18]
 [  1.40545800e+06  -8.17695008e-18]
 [  2.87165300e+06  -8.18973971e-18]
 [  5.11361000e+05  -8.29726041e-18]
 [  2.35519500e+06  -8.75396442e-18]
 [  3.61970200e+06  -8.80192509e-18]
 [  6.21487000e+05  -9.12572461e-18]
 [  2.78679000e+05  -9.20828482e-18]
 [  2.27402300e+06  -9.65911239e-18]
 [  3.19124000e+05  -1.00117169e-17]
 [  1.32307000e+06  -1.04760325e-17]
 [  8.30152000e+05  -1.19620895e-17]
 [  1.16704800e+06  -1.27987719e-17]
 [  3.53718000e+05  -1.29002824e-17]
 [  1.80844200e+06  -1.31667507e-17]
 [  1.68114600e+06  -1.38066635e-17]
 [  6.42688000e+05  -1.40288961e-17]
 [  2.55860500e+06  -1.45987199e-17]
 [  3.42617600e+06  -1.46650899e-17]
 [  1.07266800e+06  -1.50747389e-17]
 [  2.49435900e+06  -1.50993617e-17]
 [  3.55898600e+06  -1.54172316e-17]
 [  3.90026900e+06  -1.64068258e-17]
 [  1.06974200e+06  -1.78745980e-17]
 [  1.67199100e+06  -1.97771802e-17]
 [  4.06221000e+05  -2.04108556e-17]
 [  3.43108900e+06  -2.04852998e-17]
 [  2.38391000e+05  -2.09925277e-17]
 [  2.96154700e+06  -2.19423949e-17]
 [  2.90614000e+05  -2.19653788e-17]
 [  2.63611000e+05  -2.22691586e-17]
 [  1.35191300e+06  -2.28368944e-17]
 [  1.22983800e+06  -2.43974278e-17]
 [  1.34234700e+06  -2.99325522e-17]
 [  5.91435000e+05  -3.10060040e-17]
 [  1.90051800e+06  -3.18565219e-17]
 [  3.74743100e+06  -3.20907455e-17]
 [  2.10881500e+06  -3.43216005e-17]
 [  4.70697000e+05  -3.74923255e-17]]
Labels: 
group 0:

3704908
2558605
2102051
2665816
665574
2275105
2613454
461637
2145993
755967
1405458
462304
499028
2689164
1335137
3788413
2557253
1402001
1793283
1671991
925935
319124
3097703
263611
1781042
2436599
630173
3898471
1761219
1273531
1290791
1072584
128645
1860883
562270
3373136
2274023
225715
2312401
719241
2108815
2681348
316365
1170039
3825023
2805154
1342347
2125863
878356
3019879
749056
1061413
3191522
486691
2867955
176713
290614
3121684
3373644
3509936
2408311
938435
692749
3339939
2899766
470697
3783897
2049627
713207
720541
3249812
3747431
591435
3568607
830152
2131839
3648407
2166109
1021526
2875249
277151
408123
337981
3116114
1767026
523435
3251912
520603
1637467
1463669
1069742
3405985
2655416
2197978
350376
1297720
952910
733545
1792455
2284269
1771318
1760831
1329956
3756760
406221
377600
1158040
2961547
2682129
61523
2706646
1348041
1060304
2338959
3618428
312142
581911
3619702
3558986
3730286
810424
606633
2481470
607316
1658441
602906
861346
3301462
2277581
68671
3368894
1606367
1014988
2340377
322458
2476125
353718
831209
2816072
715492
542238
1206315
3599993
1698048
1374719
396877
721841
3762843
1839848
498094
3571456
1072668
283459
630676
277808
3425734
1395789
1853425
1726318
2672983
623809
3520350
3544742
987727
872868
2731923
3464199
2149685
2427896
2392683
99457
1216582
339013
1907368
1808442
2472056
1739265
755909
2946264
278679
3375959
901175
1229838
2605571
2871653
2746767
2678332
3807179
2260528
3310162
1323070
3017359
1978197
3413531
3257358
2494359
310310
133985
3805632
1480185
1253701
2806255
1190192
1953875
1681146
515252
3471294
565786
412301
3120951
3838861
3951524
3292476
3907210
416857
3632088
2369664
450680
2997171
1542279
1483828
386263
2819679
2082212
1823127
1260631
2745228
2411110
485553
3426287
951580
1817602
3134858
458558
1856129
238391
511361
3447369
2413133
1351913
2430898
782027
3650577
2433640
2055016
353746
1198397
3513128
2329949
2476829
2076540
718017
1900518
1929540
618247
2083024
608635
2991079
3890203
3426176
3168573
225389
17838
2276255
2647481
1309137
2355195
2452267
3900269
313166
651056
3781744
3649447
642688
45899
1167048
3813562
2177227
1983799
1747719
973296
1892087
3431089
2805709
group 1:

3076964
2532241
837734
2454190
2495559
702631
2520743
3763705
2963551
1292135
621487
2823711
group 2:

3811626
724992
2654869
96585
665569
1049512
1584763
2769988
172359
2472635
455857
2870323
2757658
