Latent Semantic for Tag

[[  1.80000000e+02   1.00000000e+00]
 [  1.55000000e+02   1.00000000e+00]
 [  4.89000000e+02   1.00000000e+00]
 [  8.24000000e+02   1.00000000e+00]
 [  8.60000000e+01   1.00000000e+00]
 [  9.03000000e+02   1.00000000e+00]
 [  6.40000000e+01   7.11883757e-01]
 [  1.86000000e+02   7.11883757e-01]
 [  3.09000000e+02   7.11883757e-01]
 [  6.30000000e+01   7.11883757e-01]
 [  1.00700000e+03   7.11883757e-01]
 [  8.44000000e+02   7.11883757e-01]
 [  2.32000000e+02   1.21605020e-02]
 [  2.85000000e+02   1.21605020e-02]
 [  6.32000000e+02   1.21605020e-02]
 [  9.70000000e+01   1.21605020e-02]
 [  5.01000000e+02   1.21605020e-02]
 [  9.89000000e+02   1.21605020e-02]
 [  3.27000000e+02   1.04611189e-10]
 [  1.00100000e+03   1.04611189e-10]
 [  7.84000000e+02   1.04611189e-10]
 [  3.74000000e+02   2.82180867e-17]
 [  1.13000000e+02   2.82180867e-17]
 [  5.09000000e+02   3.96456541e-27]
 [  8.74000000e+02   1.22882257e-27]
 [  6.87000000e+02  -4.54439926e-29]
 [  2.68000000e+02  -2.23409405e-28]
 [  2.30000000e+02  -3.74960063e-28]
 [  4.28000000e+02  -4.64659788e-28]
 [  5.54000000e+02  -8.35121980e-28]
 [  6.72000000e+02  -8.53340901e-28]
 [  7.32000000e+02  -2.07379303e-27]
 [  3.61000000e+02  -2.26481500e-27]
 [  3.31000000e+02  -3.50054999e-18]
 [  1.11000000e+02  -3.50054999e-18]
 [  3.33000000e+02  -6.52929628e-18]
 [  1.59000000e+02  -6.52929628e-18]
 [  2.61000000e+02  -1.73926134e-17]
 [  1.02200000e+03  -1.73926134e-17]
 [  7.92000000e+02  -3.86439326e-17]
 [  8.07000000e+02  -3.86439326e-17]
 [  6.82000000e+02  -3.28258415e-08]
 [  1.70000000e+02  -5.31133273e-08]
 [  3.50000000e+02  -5.31133273e-08]
 [  7.19000000e+02  -8.59391689e-08]
 [  4.56000000e+02  -2.61614747e-06]
 [  1.08500000e+03  -2.61614747e-06]
 [  9.26000000e+02  -2.61614747e-06]
 [  5.05000000e+02  -2.61614747e-06]
 [  7.29000000e+02  -1.20808194e-03]
 [  1.12600000e+03  -1.20808194e-03]
 [  1.27000000e+02  -1.20808194e-03]
 [  1.09600000e+03  -1.20808194e-03]
 [  1.12100000e+03  -1.20808194e-03]
 [  2.55000000e+02  -7.67111772e-02]
 [  4.85000000e+02  -7.67111772e-02]
 [  4.84000000e+02  -7.67111772e-02]
 [  7.31000000e+02  -7.67111772e-02]
 [  7.62000000e+02  -7.67111772e-02]
 [  3.77000000e+02  -8.89687781e-02]
 [  1.11200000e+03  -8.89687781e-02]
 [  4.06000000e+02  -8.89687781e-02]
 [  4.92000000e+02  -8.89687781e-02]
 [  1.11500000e+03  -8.89687781e-02]
 [  6.23000000e+02  -8.89687781e-02]
 [  1.02800000e+03  -8.89687781e-02]
 [  9.01000000e+02  -8.89687781e-02]
 [  1.12800000e+03  -8.99472370e-02]
 [  3.05000000e+02  -8.99472370e-02]
 [  1.12700000e+03  -8.99472370e-02]
 [  7.30000000e+02  -8.99472370e-02]
 [  8.49000000e+02  -8.99472370e-02]
 [  1.90000000e+01  -1.54497912e-01]
 [  1.93000000e+02  -2.30121189e-01]
 [  2.44000000e+02  -2.30121189e-01]
 [  3.97000000e+02  -2.30121189e-01]
 [  6.50000000e+01  -2.30121189e-01]
 [  8.87000000e+02  -2.30121189e-01]
 [  1.07500000e+03  -2.30121189e-01]]
[[  6.23000000e+02   9.12295139e-01]
 [  4.92000000e+02   9.12295139e-01]
 [  4.06000000e+02   9.12295139e-01]
 [  9.01000000e+02   9.12295139e-01]
 [  1.11500000e+03   9.12295139e-01]
 [  1.11200000e+03   9.12295139e-01]
 [  3.77000000e+02   9.12295139e-01]
 [  1.02800000e+03   9.12295139e-01]
 [  9.03000000e+02   7.75833520e-01]
 [  8.24000000e+02   7.75833520e-01]
 [  4.89000000e+02   7.75833520e-01]
 [  1.80000000e+02   7.75833520e-01]
 [  1.55000000e+02   7.75833520e-01]
 [  8.60000000e+01   7.75833520e-01]
 [  2.44000000e+02   6.14797700e-01]
 [  1.07500000e+03   6.14797700e-01]
 [  3.97000000e+02   6.14797700e-01]
 [  8.87000000e+02   6.14797700e-01]
 [  6.50000000e+01   6.14797700e-01]
 [  1.93000000e+02   6.14797700e-01]
 [  1.90000000e+01   3.19254136e-01]
 [  7.30000000e+02   1.58292758e-01]
 [  1.12700000e+03   1.58292758e-01]
 [  3.05000000e+02   1.58292758e-01]
 [  1.12800000e+03   1.58292758e-01]
 [  8.49000000e+02   1.58292758e-01]
 [  7.62000000e+02   1.42011230e-01]
 [  7.31000000e+02   1.42011230e-01]
 [  2.55000000e+02   1.42011230e-01]
 [  4.84000000e+02   1.42011230e-01]
 [  4.85000000e+02   1.42011230e-01]
 [  9.70000000e+01   1.89501482e-02]
 [  2.32000000e+02   1.89501482e-02]
 [  2.85000000e+02   1.89501482e-02]
 [  9.89000000e+02   1.89501482e-02]
 [  5.01000000e+02   1.89501482e-02]
 [  6.32000000e+02   1.89501482e-02]
 [  7.29000000e+02   1.68915236e-03]
 [  1.09600000e+03   1.68915236e-03]
 [  1.12100000e+03   1.68915236e-03]
 [  1.27000000e+02   1.68915236e-03]
 [  1.12600000e+03   1.68915236e-03]
 [  1.08500000e+03   4.15715335e-06]
 [  9.26000000e+02   4.15715335e-06]
 [  5.05000000e+02   4.15715335e-06]
 [  4.56000000e+02   4.15715335e-06]
 [  7.19000000e+02   7.29290040e-08]
 [  1.70000000e+02   4.50726032e-08]
 [  3.50000000e+02   4.50726032e-08]
 [  6.82000000e+02   2.78564007e-08]
 [  7.92000000e+02   4.77818616e-17]
 [  8.07000000e+02   4.77818616e-17]
 [  3.31000000e+02   1.70105284e-17]
 [  1.11000000e+02   1.70105284e-17]
 [  2.61000000e+02   1.05854361e-17]
 [  1.02200000e+03   1.05854361e-17]
 [  7.32000000e+02   2.18072569e-27]
 [  3.61000000e+02   1.89032682e-27]
 [  4.28000000e+02   1.40985809e-27]
 [  6.72000000e+02   1.12420154e-27]
 [  5.54000000e+02   6.59922382e-28]
 [  2.30000000e+02   6.54009885e-28]
 [  2.68000000e+02   4.88912985e-28]
 [  6.87000000e+02   1.85430850e-29]
 [  8.74000000e+02  -1.02065889e-27]
 [  5.09000000e+02  -3.78594965e-27]
 [  1.59000000e+02  -1.87688130e-17]
 [  3.33000000e+02  -1.87688130e-17]
 [  1.13000000e+02  -3.87885059e-17]
 [  3.74000000e+02  -3.87885059e-17]
 [  1.00100000e+03  -8.92014921e-11]
 [  3.27000000e+02  -8.92014921e-11]
 [  7.84000000e+02  -8.92014921e-11]
 [  1.00700000e+03  -1.19909680e+00]
 [  1.86000000e+02  -1.19909680e+00]
 [  3.09000000e+02  -1.19909680e+00]
 [  8.44000000e+02  -1.19909680e+00]
 [  6.40000000e+01  -1.19909680e+00]
 [  6.30000000e+01  -1.19909680e+00]]
[[  1.90000000e+01   9.82531725e-01]
 [  9.01000000e+02   9.16562563e-01]
 [  1.11500000e+03   9.16562563e-01]
 [  1.11200000e+03   9.16562563e-01]
 [  3.77000000e+02   9.16562563e-01]
 [  4.06000000e+02   9.16562563e-01]
 [  1.02800000e+03   9.16562563e-01]
 [  4.92000000e+02   9.16562563e-01]
 [  6.23000000e+02   9.16562563e-01]
 [  9.70000000e+01   4.54844070e-01]
 [  2.32000000e+02   4.54844070e-01]
 [  2.85000000e+02   4.54844070e-01]
 [  6.32000000e+02   4.54844070e-01]
 [  5.01000000e+02   4.54844070e-01]
 [  9.89000000e+02   4.54844070e-01]
 [  7.62000000e+02   2.70120816e-01]
 [  4.84000000e+02   2.70120816e-01]
 [  2.55000000e+02   2.70120816e-01]
 [  4.85000000e+02   2.70120816e-01]
 [  7.31000000e+02   2.70120816e-01]
 [  1.12800000e+03   2.57566839e-01]
 [  1.12700000e+03   2.57566839e-01]
 [  7.30000000e+02   2.57566839e-01]
 [  3.05000000e+02   2.57566839e-01]
 [  8.49000000e+02   2.57566839e-01]
 [  3.09000000e+02   1.09405774e-01]
 [  6.40000000e+01   1.09405774e-01]
 [  8.44000000e+02   1.09405774e-01]
 [  6.30000000e+01   1.09405774e-01]
 [  1.86000000e+02   1.09405774e-01]
 [  1.00700000e+03   1.09405774e-01]
 [  3.27000000e+02   8.36790632e-11]
 [  7.84000000e+02   8.36790632e-11]
 [  1.00100000e+03   8.36790632e-11]
 [  1.13000000e+02   1.43453858e-17]
 [  3.74000000e+02   1.43453858e-17]
 [  1.59000000e+02   1.32935959e-17]
 [  3.33000000e+02   1.32935959e-17]
 [  5.09000000e+02   3.10471358e-27]
 [  8.74000000e+02   1.09127105e-27]
 [  2.30000000e+02  -2.67180286e-28]
 [  2.68000000e+02  -3.20470842e-28]
 [  5.54000000e+02  -3.56440748e-28]
 [  6.87000000e+02  -5.24130044e-28]
 [  4.28000000e+02  -9.65375833e-28]
 [  6.72000000e+02  -1.14690057e-27]
 [  3.61000000e+02  -1.87313334e-27]
 [  7.32000000e+02  -2.20988690e-27]
 [  1.11000000e+02  -1.64686609e-17]
 [  3.31000000e+02  -1.64686609e-17]
 [  1.02200000e+03  -1.74357613e-17]
 [  2.61000000e+02  -1.74357613e-17]
 [  7.92000000e+02  -3.77288702e-17]
 [  8.07000000e+02  -3.77288702e-17]
 [  6.82000000e+02  -3.56003916e-08]
 [  1.70000000e+02  -5.76026436e-08]
 [  3.50000000e+02  -5.76026436e-08]
 [  7.19000000e+02  -9.32030351e-08]
 [  9.26000000e+02  -3.20175400e-06]
 [  1.08500000e+03  -3.20175400e-06]
 [  5.05000000e+02  -3.20175400e-06]
 [  4.56000000e+02  -3.20175400e-06]
 [  1.09600000e+03  -2.65418171e-03]
 [  1.12100000e+03  -2.65418171e-03]
 [  1.12600000e+03  -2.65418171e-03]
 [  7.29000000e+02  -2.65418171e-03]
 [  1.27000000e+02  -2.65418171e-03]
 [  8.24000000e+02  -2.77338942e-01]
 [  8.60000000e+01  -2.77338942e-01]
 [  1.55000000e+02  -2.77338942e-01]
 [  4.89000000e+02  -2.77338942e-01]
 [  1.80000000e+02  -2.77338942e-01]
 [  9.03000000e+02  -2.77338942e-01]
 [  1.93000000e+02  -9.67352436e-01]
 [  3.97000000e+02  -9.67352436e-01]
 [  6.50000000e+01  -9.67352436e-01]
 [  2.44000000e+02  -9.67352436e-01]
 [  8.87000000e+02  -9.67352436e-01]
 [  1.07500000e+03  -9.67352436e-01]]
[[  1.90000000e+01   9.25813634e-01]
 [  9.89000000e+02   3.44032893e-01]
 [  9.70000000e+01   3.44032893e-01]
 [  2.32000000e+02   3.44032893e-01]
 [  2.85000000e+02   3.44032893e-01]
 [  6.32000000e+02   3.44032893e-01]
 [  5.01000000e+02   3.44032893e-01]
 [  1.12800000e+03   2.93191054e-01]
 [  8.49000000e+02   2.93191054e-01]
 [  3.05000000e+02   2.93191054e-01]
 [  1.12700000e+03   2.93191054e-01]
 [  7.30000000e+02   2.93191054e-01]
 [  2.55000000e+02   2.88589687e-01]
 [  4.85000000e+02   2.88589687e-01]
 [  7.31000000e+02   2.88589687e-01]
 [  7.62000000e+02   2.88589687e-01]
 [  4.84000000e+02   2.88589687e-01]
 [  1.80000000e+02   1.85782561e-01]
 [  8.24000000e+02   1.85782561e-01]
 [  9.03000000e+02   1.85782561e-01]
 [  1.55000000e+02   1.85782561e-01]
 [  4.89000000e+02   1.85782561e-01]
 [  8.60000000e+01   1.85782561e-01]
 [  6.50000000e+01   5.15955871e-02]
 [  1.93000000e+02   5.15955871e-02]
 [  2.44000000e+02   5.15955871e-02]
 [  3.97000000e+02   5.15955871e-02]
 [  1.07500000e+03   5.15955871e-02]
 [  8.87000000e+02   5.15955871e-02]
 [  1.12600000e+03   1.78548383e-04]
 [  1.27000000e+02   1.78548383e-04]
 [  1.09600000e+03   1.78548383e-04]
 [  7.29000000e+02   1.78548383e-04]
 [  1.12100000e+03   1.78548383e-04]
 [  5.05000000e+02   1.12790805e-06]
 [  4.56000000e+02   1.12790805e-06]
 [  1.08500000e+03   1.12790805e-06]
 [  9.26000000e+02   1.12790805e-06]
 [  7.19000000e+02   1.43861538e-08]
 [  3.50000000e+02   8.89113199e-09]
 [  1.70000000e+02   8.89113199e-09]
 [  6.82000000e+02   5.49502177e-09]
 [  8.07000000e+02   1.33018858e-17]
 [  7.92000000e+02   1.33018858e-17]
 [  1.11000000e+02   3.44671733e-18]
 [  3.31000000e+02   3.44671733e-18]
 [  2.61000000e+02   1.55989907e-18]
 [  1.02200000e+03   1.55989907e-18]
 [  7.32000000e+02   5.22272391e-28]
 [  3.61000000e+02   4.91069514e-28]
 [  4.28000000e+02   3.81793159e-28]
 [  6.72000000e+02   2.54201295e-28]
 [  5.54000000e+02   2.37754765e-28]
 [  2.30000000e+02   2.25627661e-28]
 [  2.68000000e+02   1.39403383e-28]
 [  6.87000000e+02  -1.01648912e-28]
 [  8.74000000e+02  -2.48529302e-28]
 [  5.09000000e+02  -1.08586937e-27]
 [  1.59000000e+02  -4.19268975e-18]
 [  3.33000000e+02  -4.19268975e-18]
 [  3.74000000e+02  -1.40776408e-17]
 [  1.13000000e+02  -1.40776408e-17]
 [  1.00100000e+03  -2.40323105e-11]
 [  3.27000000e+02  -2.40323105e-11]
 [  7.84000000e+02  -2.40323105e-11]
 [  6.30000000e+01  -4.96485629e-01]
 [  6.40000000e+01  -4.96485629e-01]
 [  1.86000000e+02  -4.96485629e-01]
 [  1.00700000e+03  -4.96485629e-01]
 [  3.09000000e+02  -4.96485629e-01]
 [  8.44000000e+02  -4.96485629e-01]
 [  9.01000000e+02  -1.25392051e+00]
 [  1.11500000e+03  -1.25392051e+00]
 [  4.92000000e+02  -1.25392051e+00]
 [  6.23000000e+02  -1.25392051e+00]
 [  1.11200000e+03  -1.25392051e+00]
 [  4.06000000e+02  -1.25392051e+00]
 [  1.02800000e+03  -1.25392051e+00]
 [  3.77000000e+02  -1.25392051e+00]]
[[  1.07500000e+03   1.00000000e+00]
 [  3.97000000e+02   1.00000000e+00]
 [  6.50000000e+01   1.00000000e+00]
 [  1.93000000e+02   1.00000000e+00]
 [  2.44000000e+02   1.00000000e+00]
 [  8.87000000e+02   1.00000000e+00]
 [  6.30000000e+01   3.36992162e-01]
 [  6.40000000e+01   3.36992162e-01]
 [  1.86000000e+02   3.36992162e-01]
 [  8.44000000e+02   3.36992162e-01]
 [  3.09000000e+02   3.36992162e-01]
 [  1.00700000e+03   3.36992162e-01]
 [  1.90000000e+01   1.47945420e-01]
 [  1.12700000e+03   5.98860939e-02]
 [  7.30000000e+02   5.98860939e-02]
 [  3.05000000e+02   5.98860939e-02]
 [  8.49000000e+02   5.98860939e-02]
 [  1.12800000e+03   5.98860939e-02]
 [  7.62000000e+02   4.83685557e-02]
 [  4.85000000e+02   4.83685557e-02]
 [  4.84000000e+02   4.83685557e-02]
 [  7.31000000e+02   4.83685557e-02]
 [  2.55000000e+02   4.83685557e-02]
 [  5.01000000e+02   3.96907706e-02]
 [  9.89000000e+02   3.96907706e-02]
 [  2.85000000e+02   3.96907706e-02]
 [  2.32000000e+02   3.96907706e-02]
 [  9.70000000e+01   3.96907706e-02]
 [  6.32000000e+02   3.96907706e-02]
 [  1.11200000e+03   7.56078701e-03]
 [  1.02800000e+03   7.56078701e-03]
 [  9.01000000e+02   7.56078701e-03]
 [  4.06000000e+02   7.56078701e-03]
 [  1.11500000e+03   7.56078701e-03]
 [  4.92000000e+02   7.56078701e-03]
 [  3.77000000e+02   7.56078701e-03]
 [  6.23000000e+02   7.56078701e-03]
 [  7.29000000e+02   2.94694191e-03]
 [  1.09600000e+03   2.94694191e-03]
 [  1.12600000e+03   2.94694191e-03]
 [  1.12100000e+03   2.94694191e-03]
 [  1.27000000e+02   2.94694191e-03]
 [  5.05000000e+02   2.66502625e-06]
 [  4.56000000e+02   2.66502625e-06]
 [  9.26000000e+02   2.66502625e-06]
 [  1.08500000e+03   2.66502625e-06]
 [  7.19000000e+02   1.10567138e-07]
 [  3.50000000e+02   6.83342495e-08]
 [  1.70000000e+02   6.83342495e-08]
 [  6.82000000e+02   4.22328888e-08]
 [  8.07000000e+02   3.49173454e-17]
 [  7.92000000e+02   3.49173454e-17]
 [  1.02200000e+03   2.30295064e-17]
 [  2.61000000e+02   2.30295064e-17]
 [  3.31000000e+02   1.28589269e-17]
 [  1.11000000e+02   1.28589269e-17]
 [  7.32000000e+02   2.35729765e-27]
 [  3.61000000e+02   2.15218994e-27]
 [  6.72000000e+02   1.14887217e-27]
 [  6.87000000e+02   7.06771592e-28]
 [  4.28000000e+02   5.92538095e-28]
 [  5.54000000e+02   3.68611528e-28]
 [  2.68000000e+02   2.08364401e-28]
 [  2.30000000e+02   8.94704946e-29]
 [  8.74000000e+02  -1.27111926e-27]
 [  5.09000000e+02  -3.24126492e-27]
 [  1.59000000e+02  -3.96923183e-18]
 [  3.33000000e+02  -3.96923183e-18]
 [  1.13000000e+02  -5.41587707e-18]
 [  3.74000000e+02  -5.41587707e-18]
 [  3.27000000e+02  -9.44495853e-11]
 [  1.00100000e+03  -9.44495853e-11]
 [  7.84000000e+02  -9.44495853e-11]
 [  1.55000000e+02  -4.59555944e-01]
 [  1.80000000e+02  -4.59555944e-01]
 [  8.24000000e+02  -4.59555944e-01]
 [  8.60000000e+01  -4.59555944e-01]
 [  9.03000000e+02  -4.59555944e-01]
 [  4.89000000e+02  -4.59555944e-01]]
Latent Semantic for Movie

[[  4.05700000e+03   1.00000000e+00]
 [  5.12300000e+03   8.11837255e-01]
 [  6.05800000e+03   4.03183125e-01]
 [  4.25200000e+03   2.12960593e-01]
 [  7.24700000e+03   2.05234854e-01]
 [  4.35400000e+03   1.47074213e-01]
 [  7.75500000e+03   4.03892416e-02]
 [  6.42500000e+03   3.75511880e-11]
 [  4.68100000e+03   8.73879601e-18]
 [  5.32400000e+03   6.65028202e-19]
 [  4.86900000e+03   4.89097931e-28]
 [  4.06400000e+03   1.37856729e-28]
 [  6.16600000e+03   3.35272072e-29]
 [  3.85400000e+03   0.00000000e+00]
 [  5.16100000e+03   0.00000000e+00]
 [  7.23500000e+03   0.00000000e+00]
 [  1.02340000e+04   0.00000000e+00]
 [  3.20700000e+03   0.00000000e+00]
 [  6.18500000e+03   0.00000000e+00]
 [  6.16300000e+03   0.00000000e+00]
 [  6.09700000e+03   0.00000000e+00]
 [  3.21600000e+03   0.00000000e+00]
 [  5.91400000e+03   0.00000000e+00]
 [  5.07600000e+03   0.00000000e+00]
 [  3.23300000e+03   0.00000000e+00]
 [  3.90600000e+03   0.00000000e+00]
 [  5.04400000e+03   0.00000000e+00]
 [  5.00000000e+03   0.00000000e+00]
 [  3.23900000e+03   0.00000000e+00]
 [  3.32300000e+03   0.00000000e+00]
 [  3.36600000e+03   0.00000000e+00]
 [  4.15200000e+03   0.00000000e+00]
 [  4.07200000e+03   0.00000000e+00]
 [  4.06800000e+03   0.00000000e+00]
 [  3.46700000e+03   0.00000000e+00]
 [  1.02410000e+04   0.00000000e+00]
 [  7.14900000e+03   0.00000000e+00]
 [  9.44100000e+03   0.00000000e+00]
 [  9.43800000e+03   0.00000000e+00]
 [  9.44300000e+03   0.00000000e+00]
 [  9.44800000e+03   0.00000000e+00]
 [  9.51400000e+03   0.00000000e+00]
 [  9.73900000e+03   0.00000000e+00]
 [  9.75300000e+03   0.00000000e+00]
 [  9.77500000e+03   0.00000000e+00]
 [  9.77900000e+03   0.00000000e+00]
 [  9.78200000e+03   0.00000000e+00]
 [  9.79700000e+03   0.00000000e+00]
 [  9.80700000e+03   0.00000000e+00]
 [  9.81600000e+03   0.00000000e+00]
 [  9.81800000e+03   0.00000000e+00]
 [  9.82100000e+03   0.00000000e+00]
 [  1.00590000e+04   0.00000000e+00]
 [  1.01430000e+04   0.00000000e+00]
 [  1.01560000e+04   0.00000000e+00]
 [  1.01570000e+04   0.00000000e+00]
 [  1.01780000e+04   0.00000000e+00]
 [  1.02270000e+04   0.00000000e+00]
 [  8.77900000e+03   0.00000000e+00]
 [  3.18900000e+03   0.00000000e+00]
 [  8.93500000e+03   0.00000000e+00]
 [  8.90300000e+03   0.00000000e+00]
 [  9.42000000e+03   0.00000000e+00]
 [  8.86000000e+03   0.00000000e+00]
 [  9.41900000e+03   0.00000000e+00]
 [  9.41700000e+03   0.00000000e+00]
 [  8.86200000e+03   0.00000000e+00]
 [  8.86500000e+03   0.00000000e+00]
 [  8.90100000e+03   0.00000000e+00]
 [  8.93900000e+03   0.00000000e+00]
 [  9.43200000e+03   0.00000000e+00]
 [  8.92900000e+03   0.00000000e+00]
 [  5.17100000e+03  -2.25107704e-29]
 [  3.96100000e+03  -3.23988107e-29]
 [  5.91500000e+03  -5.52504278e-29]
 [  7.06200000e+03  -7.47212947e-29]
 [  5.07800000e+03  -1.23300792e-28]
 [  4.07600000e+03  -2.14272472e-28]
 [  7.23200000e+03  -2.65190683e-28]
 [  7.20200000e+03  -3.34934825e-18]
 [  4.99900000e+03  -3.40777781e-18]
 [  7.32000000e+03  -8.86396845e-18]
 [  7.21200000e+03  -1.15318712e-08]
 [  6.05700000e+03  -1.86589595e-08]
 [  5.95900000e+03  -1.08184824e-06]
 [  4.13200000e+03  -1.33658260e-04]]
[[  4.05700000e+03   6.82432026e-01]
 [  7.75500000e+03   5.63273610e-01]
 [  4.35400000e+03   5.01273772e-01]
 [  7.24700000e+03   2.44093200e-01]
 [  4.25200000e+03   2.35531983e-01]
 [  6.05800000e+03   2.31153427e-01]
 [  4.13200000e+03   1.07642151e-03]
 [  5.95900000e+03   1.82351023e-06]
 [  6.05700000e+03   1.77372890e-08]
 [  7.21200000e+03   1.09622475e-08]
 [  7.32000000e+03   1.01038471e-17]
 [  5.32400000e+03   4.25261077e-18]
 [  4.99900000e+03   2.25484333e-18]
 [  4.07600000e+03   2.35058818e-28]
 [  7.23200000e+03   1.91208070e-28]
 [  3.96100000e+03   1.62010239e-28]
 [  7.06200000e+03   1.26675176e-28]
 [  5.91500000e+03   6.67441838e-29]
 [  5.07800000e+03   5.82674495e-29]
 [  5.17100000e+03   5.42948952e-29]
 [  6.16600000e+03   1.38691950e-29]
 [  6.09700000e+03   0.00000000e+00]
 [  6.16300000e+03   0.00000000e+00]
 [  5.91400000e+03   0.00000000e+00]
 [  6.18500000e+03   0.00000000e+00]
 [  1.02410000e+04   0.00000000e+00]
 [  5.16100000e+03   0.00000000e+00]
 [  3.46700000e+03   0.00000000e+00]
 [  3.20700000e+03   0.00000000e+00]
 [  3.21600000e+03   0.00000000e+00]
 [  3.23300000e+03   0.00000000e+00]
 [  3.23900000e+03   0.00000000e+00]
 [  3.32300000e+03   0.00000000e+00]
 [  3.36600000e+03   0.00000000e+00]
 [  3.85400000e+03   0.00000000e+00]
 [  5.07600000e+03   0.00000000e+00]
 [  3.90600000e+03   0.00000000e+00]
 [  4.06800000e+03   0.00000000e+00]
 [  4.07200000e+03   0.00000000e+00]
 [  4.15200000e+03   0.00000000e+00]
 [  1.02340000e+04   0.00000000e+00]
 [  5.04400000e+03   0.00000000e+00]
 [  5.00000000e+03   0.00000000e+00]
 [  7.14900000e+03   0.00000000e+00]
 [  3.18900000e+03   0.00000000e+00]
 [  9.44100000e+03   0.00000000e+00]
 [  1.01780000e+04   0.00000000e+00]
 [  9.44800000e+03   0.00000000e+00]
 [  9.51400000e+03   0.00000000e+00]
 [  9.73900000e+03   0.00000000e+00]
 [  9.75300000e+03   0.00000000e+00]
 [  9.77500000e+03   0.00000000e+00]
 [  9.77900000e+03   0.00000000e+00]
 [  9.78200000e+03   0.00000000e+00]
 [  9.79700000e+03   0.00000000e+00]
 [  9.80700000e+03   0.00000000e+00]
 [  9.81600000e+03   0.00000000e+00]
 [  9.81800000e+03   0.00000000e+00]
 [  9.82100000e+03   0.00000000e+00]
 [  1.00590000e+04   0.00000000e+00]
 [  1.01430000e+04   0.00000000e+00]
 [  1.01570000e+04   0.00000000e+00]
 [  9.44300000e+03   0.00000000e+00]
 [  9.43800000e+03   0.00000000e+00]
 [  8.90300000e+03   0.00000000e+00]
 [  7.23500000e+03   0.00000000e+00]
 [  8.77900000e+03   0.00000000e+00]
 [  8.86000000e+03   0.00000000e+00]
 [  8.86200000e+03   0.00000000e+00]
 [  8.86500000e+03   0.00000000e+00]
 [  8.90100000e+03   0.00000000e+00]
 [  8.92900000e+03   0.00000000e+00]
 [  8.93500000e+03   0.00000000e+00]
 [  8.93900000e+03   0.00000000e+00]
 [  9.41700000e+03   0.00000000e+00]
 [  9.41900000e+03   0.00000000e+00]
 [  1.02270000e+04   0.00000000e+00]
 [  9.42000000e+03   0.00000000e+00]
 [  9.43200000e+03   0.00000000e+00]
 [  1.01560000e+04   0.00000000e+00]
 [  4.06400000e+03  -1.05078609e-28]
 [  4.86900000e+03  -3.80940872e-28]
 [  7.20200000e+03  -4.96113880e-18]
 [  4.68100000e+03  -7.54821297e-18]
 [  6.42500000e+03  -2.68841688e-11]
 [  5.12300000e+03  -6.73917246e-01]]
[[  6.05800000e+03   9.26834813e-01]
 [  4.25200000e+03   6.22693933e-01]
 [  7.24700000e+03   6.18229294e-01]
 [  7.75500000e+03   4.06694116e-01]
 [  5.12300000e+03   2.69923942e-01]
 [  6.42500000e+03   1.65644412e-11]
 [  4.68100000e+03   3.49250854e-18]
 [  7.20200000e+03   1.60677363e-18]
 [  4.86900000e+03   2.19931344e-28]
 [  4.06400000e+03   6.64879373e-29]
 [  3.85400000e+03   0.00000000e+00]
 [  5.16100000e+03   0.00000000e+00]
 [  3.20700000e+03   0.00000000e+00]
 [  7.23500000e+03   0.00000000e+00]
 [  3.21600000e+03   0.00000000e+00]
 [  1.02340000e+04   0.00000000e+00]
 [  3.23300000e+03   0.00000000e+00]
 [  6.18500000e+03   0.00000000e+00]
 [  6.16300000e+03   0.00000000e+00]
 [  6.09700000e+03   0.00000000e+00]
 [  3.23900000e+03   0.00000000e+00]
 [  5.91400000e+03   0.00000000e+00]
 [  3.32300000e+03   0.00000000e+00]
 [  3.90600000e+03   0.00000000e+00]
 [  5.07600000e+03   0.00000000e+00]
 [  5.04400000e+03   0.00000000e+00]
 [  5.00000000e+03   0.00000000e+00]
 [  8.77900000e+03   0.00000000e+00]
 [  3.36600000e+03   0.00000000e+00]
 [  3.46700000e+03   0.00000000e+00]
 [  4.15200000e+03   0.00000000e+00]
 [  4.07200000e+03   0.00000000e+00]
 [  4.06800000e+03   0.00000000e+00]
 [  1.02410000e+04   0.00000000e+00]
 [  7.14900000e+03   0.00000000e+00]
 [  8.86000000e+03   0.00000000e+00]
 [  9.43800000e+03   0.00000000e+00]
 [  8.86200000e+03   0.00000000e+00]
 [  9.44800000e+03   0.00000000e+00]
 [  9.51400000e+03   0.00000000e+00]
 [  9.73900000e+03   0.00000000e+00]
 [  9.75300000e+03   0.00000000e+00]
 [  9.77500000e+03   0.00000000e+00]
 [  9.77900000e+03   0.00000000e+00]
 [  9.78200000e+03   0.00000000e+00]
 [  9.79700000e+03   0.00000000e+00]
 [  9.80700000e+03   0.00000000e+00]
 [  9.81600000e+03   0.00000000e+00]
 [  9.81800000e+03   0.00000000e+00]
 [  9.82100000e+03   0.00000000e+00]
 [  1.00590000e+04   0.00000000e+00]
 [  1.01430000e+04   0.00000000e+00]
 [  1.01560000e+04   0.00000000e+00]
 [  1.01570000e+04   0.00000000e+00]
 [  1.01780000e+04   0.00000000e+00]
 [  1.02270000e+04   0.00000000e+00]
 [  9.44100000e+03   0.00000000e+00]
 [  9.44300000e+03   0.00000000e+00]
 [  3.18900000e+03   0.00000000e+00]
 [  9.41700000e+03   0.00000000e+00]
 [  8.86500000e+03   0.00000000e+00]
 [  9.43200000e+03   0.00000000e+00]
 [  8.90100000e+03   0.00000000e+00]
 [  8.90300000e+03   0.00000000e+00]
 [  8.92900000e+03   0.00000000e+00]
 [  8.93500000e+03   0.00000000e+00]
 [  8.93900000e+03   0.00000000e+00]
 [  9.42000000e+03   0.00000000e+00]
 [  9.41900000e+03   0.00000000e+00]
 [  6.16600000e+03  -1.27850726e-29]
 [  5.17100000e+03  -2.39482402e-29]
 [  5.91500000e+03  -2.90895905e-29]
 [  5.07800000e+03  -3.54916569e-29]
 [  7.06200000e+03  -6.74132997e-29]
 [  3.96100000e+03  -6.83405918e-29]
 [  7.23200000e+03  -1.19699952e-28]
 [  4.07600000e+03  -1.34258523e-28]
 [  4.99900000e+03  -1.73978425e-18]
 [  5.32400000e+03  -1.82789440e-18]
 [  7.32000000e+03  -5.27723528e-18]
 [  7.21200000e+03  -7.01584281e-09]
 [  6.05700000e+03  -1.13518721e-08]
 [  5.95900000e+03  -8.83687164e-07]
 [  4.13200000e+03  -6.07950444e-04]
 [  4.05700000e+03  -1.22363457e-01]
 [  4.35400000e+03  -2.54197175e-01]]
[[  6.05800000e+03   1.00000000e+00]
 [  7.24700000e+03   7.27706958e-01]
 [  4.25200000e+03   7.26031704e-01]
 [  4.05700000e+03   2.09799884e-01]
 [  4.35400000e+03   5.74662020e-02]
 [  4.13200000e+03   1.04680551e-04]
 [  5.95900000e+03   3.71104419e-07]
 [  6.05700000e+03   1.85430051e-09]
 [  7.21200000e+03   1.14602074e-09]
 [  7.32000000e+03   1.95017472e-18]
 [  5.32400000e+03   8.18391524e-19]
 [  4.99900000e+03   5.89434822e-20]
 [  3.96100000e+03   3.68115683e-29]
 [  4.07600000e+03   3.60262043e-29]
 [  7.23200000e+03   2.73200221e-29]
 [  7.06200000e+03   2.05226718e-29]
 [  5.91500000e+03   1.76310080e-29]
 [  5.07800000e+03   1.25076802e-29]
 [  5.17100000e+03   1.23469160e-29]
 [  4.07200000e+03   0.00000000e+00]
 [  1.02340000e+04   0.00000000e+00]
 [  3.20700000e+03   0.00000000e+00]
 [  3.21600000e+03   0.00000000e+00]
 [  6.18500000e+03   0.00000000e+00]
 [  6.16300000e+03   0.00000000e+00]
 [  6.09700000e+03   0.00000000e+00]
 [  3.23300000e+03   0.00000000e+00]
 [  3.23900000e+03   0.00000000e+00]
 [  3.32300000e+03   0.00000000e+00]
 [  5.91400000e+03   0.00000000e+00]
 [  4.06800000e+03   0.00000000e+00]
 [  3.36600000e+03   0.00000000e+00]
 [  5.16100000e+03   0.00000000e+00]
 [  5.07600000e+03   0.00000000e+00]
 [  5.04400000e+03   0.00000000e+00]
 [  5.00000000e+03   0.00000000e+00]
 [  3.46700000e+03   0.00000000e+00]
 [  3.85400000e+03   0.00000000e+00]
 [  3.90600000e+03   0.00000000e+00]
 [  4.15200000e+03   0.00000000e+00]
 [  1.02410000e+04   0.00000000e+00]
 [  7.14900000e+03   0.00000000e+00]
 [  3.18900000e+03   0.00000000e+00]
 [  1.01430000e+04   0.00000000e+00]
 [  9.44300000e+03   0.00000000e+00]
 [  7.23500000e+03   0.00000000e+00]
 [  1.01560000e+04   0.00000000e+00]
 [  9.44800000e+03   0.00000000e+00]
 [  9.51400000e+03   0.00000000e+00]
 [  9.73900000e+03   0.00000000e+00]
 [  9.75300000e+03   0.00000000e+00]
 [  9.77500000e+03   0.00000000e+00]
 [  9.77900000e+03   0.00000000e+00]
 [  9.78200000e+03   0.00000000e+00]
 [  9.79700000e+03   0.00000000e+00]
 [  9.80700000e+03   0.00000000e+00]
 [  9.81600000e+03   0.00000000e+00]
 [  9.81800000e+03   0.00000000e+00]
 [  9.82100000e+03   0.00000000e+00]
 [  9.44100000e+03   0.00000000e+00]
 [  9.43800000e+03   0.00000000e+00]
 [  9.43200000e+03   0.00000000e+00]
 [  9.42000000e+03   0.00000000e+00]
 [  1.02270000e+04   0.00000000e+00]
 [  1.01780000e+04   0.00000000e+00]
 [  8.77900000e+03   0.00000000e+00]
 [  8.86000000e+03   0.00000000e+00]
 [  8.86200000e+03   0.00000000e+00]
 [  8.86500000e+03   0.00000000e+00]
 [  8.90100000e+03   0.00000000e+00]
 [  8.90300000e+03   0.00000000e+00]
 [  8.92900000e+03   0.00000000e+00]
 [  8.93500000e+03   0.00000000e+00]
 [  8.93900000e+03   0.00000000e+00]
 [  9.41700000e+03   0.00000000e+00]
 [  9.41900000e+03   0.00000000e+00]
 [  1.01570000e+04   0.00000000e+00]
 [  1.00590000e+04   0.00000000e+00]
 [  6.16600000e+03  -5.70244561e-30]
 [  4.06400000e+03  -1.37904461e-29]
 [  4.86900000e+03  -6.74561935e-29]
 [  7.20200000e+03  -1.20930846e-18]
 [  4.68100000e+03  -2.01313855e-18]
 [  6.42500000e+03  -4.09106926e-12]
 [  5.12300000e+03  -2.18577712e-01]
 [  7.75500000e+03  -7.64491007e-01]]
[[  4.35400000e+03   1.00000000e+00]
 [  6.05800000e+03   7.94109444e-01]
 [  5.12300000e+03   7.08566967e-01]
 [  7.24700000e+03   5.52592267e-01]
 [  4.25200000e+03   5.46736097e-01]
 [  7.75500000e+03   2.07753950e-01]
 [  4.13200000e+03   2.29324170e-03]
 [  5.95900000e+03   1.18387166e-06]
 [  6.05700000e+03   3.25477314e-08]
 [  7.21200000e+03   2.01156043e-08]
 [  7.32000000e+03   7.31627239e-18]
 [  4.99900000e+03   6.20605919e-18]
 [  5.32400000e+03   4.06302017e-18]
 [  4.68100000e+03   2.21250133e-18]
 [  4.07600000e+03   2.89719895e-28]
 [  7.23200000e+03   2.41848285e-28]
 [  7.06200000e+03   1.50639832e-28]
 [  6.16600000e+03   1.28749099e-28]
 [  3.96100000e+03   6.90878365e-29]
 [  5.17100000e+03   2.05525636e-29]
 [  5.07800000e+03   1.02516941e-29]
 [  6.09700000e+03   0.00000000e+00]
 [  6.18500000e+03   0.00000000e+00]
 [  5.16100000e+03   0.00000000e+00]
 [  5.91400000e+03   0.00000000e+00]
 [  6.16300000e+03   0.00000000e+00]
 [  1.02410000e+04   0.00000000e+00]
 [  5.07600000e+03   0.00000000e+00]
 [  5.04400000e+03   0.00000000e+00]
 [  1.02340000e+04   0.00000000e+00]
 [  4.15200000e+03   0.00000000e+00]
 [  4.07200000e+03   0.00000000e+00]
 [  4.06800000e+03   0.00000000e+00]
 [  3.90600000e+03   0.00000000e+00]
 [  3.85400000e+03   0.00000000e+00]
 [  3.46700000e+03   0.00000000e+00]
 [  3.36600000e+03   0.00000000e+00]
 [  3.32300000e+03   0.00000000e+00]
 [  3.23900000e+03   0.00000000e+00]
 [  3.23300000e+03   0.00000000e+00]
 [  3.21600000e+03   0.00000000e+00]
 [  3.20700000e+03   0.00000000e+00]
 [  5.00000000e+03   0.00000000e+00]
 [  7.14900000e+03   0.00000000e+00]
 [  9.44800000e+03   0.00000000e+00]
 [  9.81600000e+03   0.00000000e+00]
 [  9.73900000e+03   0.00000000e+00]
 [  9.75300000e+03   0.00000000e+00]
 [  9.77500000e+03   0.00000000e+00]
 [  9.77900000e+03   0.00000000e+00]
 [  9.78200000e+03   0.00000000e+00]
 [  9.79700000e+03   0.00000000e+00]
 [  9.80700000e+03   0.00000000e+00]
 [  9.81800000e+03   0.00000000e+00]
 [  9.44300000e+03   0.00000000e+00]
 [  9.82100000e+03   0.00000000e+00]
 [  1.00590000e+04   0.00000000e+00]
 [  1.01430000e+04   0.00000000e+00]
 [  1.01560000e+04   0.00000000e+00]
 [  1.01570000e+04   0.00000000e+00]
 [  1.01780000e+04   0.00000000e+00]
 [  1.02270000e+04   0.00000000e+00]
 [  9.51400000e+03   0.00000000e+00]
 [  3.18900000e+03   0.00000000e+00]
 [  8.93500000e+03   0.00000000e+00]
 [  8.86000000e+03   0.00000000e+00]
 [  8.86500000e+03   0.00000000e+00]
 [  8.90100000e+03   0.00000000e+00]
 [  8.90300000e+03   0.00000000e+00]
 [  8.92900000e+03   0.00000000e+00]
 [  8.77900000e+03   0.00000000e+00]
 [  7.23500000e+03   0.00000000e+00]
 [  8.86200000e+03   0.00000000e+00]
 [  8.93900000e+03   0.00000000e+00]
 [  9.41700000e+03   0.00000000e+00]
 [  9.41900000e+03   0.00000000e+00]
 [  9.42000000e+03   0.00000000e+00]
 [  9.43200000e+03   0.00000000e+00]
 [  9.43800000e+03   0.00000000e+00]
 [  9.44100000e+03   0.00000000e+00]
 [  5.91500000e+03  -1.26125298e-29]
 [  4.06400000e+03  -1.50541139e-28]
 [  4.86900000e+03  -3.21197049e-28]
 [  7.20200000e+03  -1.98799441e-18]
 [  6.42500000e+03  -3.06905437e-11]
 [  4.05700000e+03  -1.73821592e-01]]
Latent Semantic for Rating

[[ 2.          0.66198783]
 [ 5.          0.66198783]
 [ 1.          0.66198783]
 [ 3.          0.66198783]
 [ 4.          0.66198783]]
[[ 5.         0.4472136]
 [ 1.         0.4472136]
 [ 3.         0.4472136]
 [ 4.         0.4472136]
 [ 2.         0.4472136]]
[[ 2.          0.69874799]
 [ 5.          0.69874799]
 [ 1.          0.69874799]
 [ 3.          0.69874799]
 [ 4.          0.69874799]]
[[ 5.          0.53305212]
 [ 1.          0.53305212]
 [ 3.          0.53305212]
 [ 4.          0.53305212]
 [ 2.          0.53305212]]
[[ 5.          0.70856856]
 [ 1.          0.70856856]
 [ 3.          0.70856856]
 [ 4.          0.70856856]
 [ 2.          0.70856856]]
Labels: 
group 0:

1128
1085
989
159
554
331
1096
333
1127
111
113
1126
230
232
255
484
792
762
730
874
731
428
732
327
509
170
285
361
632
719
305
672
261
456
127
1121
485
268
97
729
784
505
1022
19
849
1001
350
687
501
807
374
926
682
group 1:

623
901
1028
406
1112
1115
377
492
group 2:

887
1075
193
244
397
65
group 3:

309
844
63
186
1007
64
group 4:

903
155
180
489
824
86
group 0:

9821
3906
5161
9739
9807
5171
5078
3323
9753
10227
10234
9775
6163
5076
9779
6166
3233
3216
8865
7320
4064
9514
7202
3366
3239
6185
3854
4869
4152
10157
8939
7755
9420
10241
8860
8901
3189
8903
10178
3467
5000
10156
9782
10059
9448
10143
9417
9443
7212
9441
5324
7235
7232
9419
8862
8779
5044
6097
9816
3207
6425
7149
4681
5959
4132
4076
7062
4072
8935
9818
9797
8929
9438
3961
5915
5914
6057
9432
4068
4999
group 1:

9821
3906
5161
9739
9807
5171
5078
3323
9753
10227
10234
9775
6163
5076
9779
6166
3233
3216
8865
7320
4064
9514
7202
3366
3239
6185
3854
4869
4152
10157
8939
7755
9420
10241
8860
8901
3189
8903
10178
3467
5000
10156
9782
10059
9448
10143
9417
9443
7212
9441
5324
7235
7232
9419
8862
8779
5044
6097
9816
3207
6425
7149
4681
5959
4132
4076
7062
4072
8935
9818
9797
8929
9438
3961
5915
5914
6057
9432
4068
4999
group 2:

9821
3906
5161
9739
9807
5171
5078
3323
9753
10227
10234
9775
6163
5076
9779
6166
3233
3216
8865
7320
4064
9514
7202
3366
3239
6185
3854
4869
4152
10157
8939
7755
9420
10241
8860
8901
3189
8903
10178
3467
5000
10156
9782
10059
9448
10143
9417
9443
7212
9441
5324
7235
7232
9419
8862
8779
5044
6097
9816
3207
6425
7149
4681
5959
4132
4076
7062
4072
8935
9818
9797
8929
9438
3961
5915
5914
6057
9432
4068
4999
group 3:

9821
3906
5161
9739
9807
5171
5078
3323
9753
10227
10234
9775
6163
5076
9779
6166
3233
3216
8865
7320
4064
9514
7202
3366
3239
6185
3854
4869
4152
10157
8939
7755
9420
10241
8860
8901
3189
8903
10178
3467
5000
10156
9782
10059
9448
10143
9417
9443
7212
9441
5324
7235
7232
9419
8862
8779
5044
6097
9816
3207
6425
7149
4681
5959
4132
4076
7062
4072
8935
9818
9797
8929
9438
3961
5915
5914
6057
9432
4068
4999
group 4:

9821
3906
5161
9739
9807
5171
5078
3323
9753
10227
10234
9775
6163
5076
9779
6166
3233
3216
8865
7320
4064
9514
7202
3366
3239
6185
3854
4869
4152
10157
8939
7755
9420
10241
8860
8901
3189
8903
10178
3467
5000
10156
9782
10059
9448
10143
9417
9443
7212
9441
5324
7235
7232
9419
8862
8779
5044
6097
9816
3207
6425
7149
4681
5959
4132
4076
7062
4072
8935
9818
9797
8929
9438
3961
5915
5914
6057
9432
4068
4999
group 0:

1
3
5
4
group 1:

2
group 2:

group 3:

group 4:

1
3
5
4
