Latent Semantic 1:
[[  1.07258400e+06  -4.85064217e-02]
 [  2.04962700e+06  -4.85064217e-02]
 [  6.21487000e+05  -4.85064217e-02]
 [  1.83984800e+06  -4.85064217e-02]
 [  2.74676700e+06  -4.85064217e-02]
 [  2.99717100e+06  -4.85064217e-02]
 [  1.68114600e+06  -4.85064217e-02]
 [  2.41111000e+06  -4.85064217e-02]
 [  3.89020300e+06  -4.85064217e-02]
 [  7.02631000e+05  -4.85064217e-02]
 [  2.45419000e+06  -4.85064217e-02]
 [  1.27353100e+06  -4.85064217e-02]
 [  1.72631800e+06  -4.85064217e-02]
 [  2.80515400e+06  -4.85064217e-02]
 [  3.25735800e+06  -4.85064217e-02]
 [  3.86263000e+05  -4.85064217e-02]
 [  1.33513700e+06  -4.85064217e-02]
 [  3.12095100e+06  -4.85064217e-02]
 [  2.26052800e+06  -4.85064217e-02]
 [  2.27625500e+06  -4.85064217e-02]
 [  1.85612900e+06  -4.85064217e-02]
 [  1.81760200e+06  -4.85064217e-02]
 [  2.39268300e+06  -4.85064217e-02]
 [  1.95387500e+06  -4.85064217e-02]
 [  1.30913700e+06  -4.85064217e-02]
 [  1.29772000e+06  -4.85064217e-02]
 [  3.37364400e+06  -4.85064217e-02]
 [  3.19152200e+06  -4.85064217e-02]
 [  1.15804000e+06  -4.85064217e-02]
 [  6.18247000e+05  -4.85064217e-02]
 [  2.76998800e+06  -4.85064217e-02]
 [  6.65569000e+05  -4.85064217e-02]
 [  2.16610900e+06  -4.85064217e-02]
 [  7.21841000e+05  -4.85064217e-02]
 [  1.78380000e+04  -4.85064217e-02]
 [  5.20603000e+05  -4.85064217e-02]
 [  1.80844200e+06  -4.85064217e-02]
 [  2.47612500e+06  -4.85064217e-02]
 [  2.19797800e+06  -4.85064217e-02]
 [  2.14968500e+06  -4.85064217e-02]
 [  2.08221200e+06  -4.85064217e-02]
 [  6.65574000e+05  -4.85064217e-02]
 [  6.30676000e+05  -4.85064217e-02]
 [  2.64748100e+06  -4.85064217e-02]
 [  2.27402300e+06  -4.85064217e-02]
 [  2.25715000e+05  -4.85064217e-02]
 [  4.55857000e+05  -4.85064217e-02]
 [  1.72359000e+05  -4.85064217e-02]
 [  9.65850000e+04  -4.85064217e-02]
 [  3.95152400e+06  -4.85064217e-02]
 [  3.54474200e+06  -4.85064217e-02]
 [  4.50680000e+05  -4.85064217e-02]
 [  6.23809000e+05  -4.85064217e-02]
 [  2.89976600e+06  -4.85064217e-02]
 [  2.28426900e+06  -4.85064217e-02]
 [  7.55967000e+05  -4.85064217e-02]
 [  3.56860700e+06  -4.85064217e-02]
 [  2.73192300e+06  -4.85064217e-02]
 [  2.61345400e+06  -4.85064217e-02]
 [  7.19241000e+05  -4.85064217e-02]
 [  3.47129400e+06  -4.85064217e-02]
 [  1.07266800e+06  -4.85064217e-02]
 [  5.11361000e+05  -4.85064217e-02]
 [  3.11611400e+06  -4.85064217e-02]
 [  5.91435000e+05  -4.85064217e-02]
 [  2.99107900e+06  -4.85064217e-02]
 [  6.92749000e+05  -4.85064217e-02]
 [  2.10881500e+06  -4.85064217e-02]
 [  2.25389000e+05  -4.85064217e-02]
 [  3.74743100e+06  -4.85064217e-02]
 [  2.07654000e+06  -4.85064217e-02]
 [  3.80717900e+06  -4.85064217e-02]
 [  1.06141300e+06  -4.85064217e-02]
 [  8.10424000e+05  -4.85064217e-02]
 [  3.42617600e+06  -4.85064217e-02]
 [  1.69804800e+06  -4.85064217e-02]
 [  1.34234700e+06  -4.85064217e-02]
 [  1.01498800e+06  -4.85064217e-02]
 [  2.96154700e+06  -4.85064217e-02]
 [  1.92954000e+06  -4.85064217e-02]
 [  2.45226700e+06  -4.85064217e-02]
 [  2.43364000e+06  -4.85064217e-02]
 [  1.76121900e+06  -4.85064217e-02]
 [  1.06030400e+06  -4.85064217e-02]
 [  3.40598500e+06  -4.85064217e-02]
 [  1.73926500e+06  -4.85064217e-02]
 [  1.98379900e+06  -4.85064217e-02]
 [  1.35191300e+06  -4.85064217e-02]
 [  1.76083100e+06  -4.85064217e-02]
 [  1.48018500e+06  -4.85064217e-02]
 [  1.16704800e+06  -4.85064217e-02]
 [  2.38391000e+05  -4.85064217e-02]
 [  2.55725300e+06  -4.85064217e-02]
 [  2.49435900e+06  -4.85064217e-02]
 [  2.42789600e+06  -4.85064217e-02]
 [  3.61970200e+06  -4.85064217e-02]
 [  2.87524900e+06  -4.85064217e-02]
 [  7.18017000e+05  -4.85064217e-02]
 [  2.78679000e+05  -4.85064217e-02]
 [  2.49555900e+06  -4.85064217e-02]
 [  8.37734000e+05  -4.85064217e-02]
 [  4.70697000e+05  -4.85064217e-02]
 [  2.81607200e+06  -4.85064217e-02]
 [  1.90051800e+06  -4.85064217e-02]
 [  3.16365000e+05  -4.85064217e-02]
 [  1.34804100e+06  -4.85064217e-02]
 [  1.20631500e+06  -4.85064217e-02]
 [  3.46419900e+06  -4.85064217e-02]
 [  2.05501600e+06  -4.85064217e-02]
 [  1.22983800e+06  -4.85064217e-02]
 [  4.98094000e+05  -4.85064217e-02]
 [  2.35519500e+06  -4.85064217e-02]
 [  1.48382800e+06  -4.85064217e-02]
 [  1.25370100e+06  -4.85064217e-02]
 [  2.60557100e+06  -4.85064217e-02]
 [  1.40545800e+06  -4.85064217e-02]
 [  8.30152000e+05  -4.85064217e-02]
 [  4.85553000e+05  -4.85064217e-02]
 [  3.90026900e+06  -4.85064217e-02]
 [  1.28645000e+05  -4.85064217e-02]
 [  3.53718000e+05  -4.85064217e-02]
 [  1.06974200e+06  -4.85064217e-02]
 [  3.96877000e+05  -4.85064217e-02]
 [  3.43108900e+06  -4.85064217e-02]
 [  6.30173000e+05  -4.85064217e-02]
 [  2.90614000e+05  -4.85064217e-02]
 [  2.77808000e+05  -4.85064217e-02]
 [  1.29079100e+06  -4.85064217e-02]
 [  9.38435000e+05  -4.85064217e-02]
 [  8.61346000e+05  -4.85064217e-02]
 [  3.13166000e+05  -4.85064217e-02]
 [  2.83459000e+05  -4.85064217e-02]
 [  3.33993900e+06  -4.85064217e-02]
 [  2.47205600e+06  -4.85064217e-02]
 [  1.67199100e+06  -4.85064217e-02]
 [  1.60636700e+06  -4.85064217e-02]
 [  4.62304000e+05  -4.85064217e-02]
 [  3.76284300e+06  -4.85064217e-02]
 [  2.80625500e+06  -4.85064217e-02]
 [  3.01987900e+06  -4.85064217e-02]
 [  7.15492000e+05  -4.85064217e-02]
 [  2.12586300e+06  -4.85064217e-02]
 [  3.09770300e+06  -4.85064217e-02]
 [  3.64840700e+06  -4.85064217e-02]
 [  3.37981000e+05  -4.85064217e-02]
 [  3.36889400e+06  -4.85064217e-02]
 [  7.55909000e+05  -4.85064217e-02]
 [  2.27510500e+06  -4.85064217e-02]
 [  2.33895900e+06  -4.85064217e-02]
 [  3.01735900e+06  -4.85064217e-02]
 [  3.78841300e+06  -4.85064217e-02]
 [  4.58558000e+05  -4.85064217e-02]
 [  2.87165300e+06  -4.85064217e-02]
 [  2.10205100e+06  -4.85064217e-02]
 [  1.63746700e+06  -4.85064217e-02]
 [  9.73296000e+05  -4.85064217e-02]
 [  3.78174400e+06  -4.85064217e-02]
 [  3.75676000e+06  -4.85064217e-02]
 [  3.39013000e+05  -4.85064217e-02]
 [  5.62270000e+05  -4.85064217e-02]
 [  3.78389700e+06  -4.85064217e-02]
 [  2.47682900e+06  -4.85064217e-02]
 [  2.08302400e+06  -4.85064217e-02]
 [  3.50376000e+05  -4.85064217e-02]
 [  3.42573400e+06  -4.85064217e-02]
 [  3.13485800e+06  -4.85064217e-02]
 [  6.51056000e+05  -4.85064217e-02]
 [  4.99028000e+05  -4.85064217e-02]
 [  3.16857300e+06  -4.85064217e-02]
 [  4.06221000e+05  -4.85064217e-02]
 [  3.29247600e+06  -4.85064217e-02]
 [  1.65844100e+06  -4.85064217e-02]
 [  3.90721000e+06  -4.85064217e-02]
 [  4.16857000e+05  -4.85064217e-02]
 [  2.87032300e+06  -4.85064217e-02]
 [  3.10310000e+05  -4.85064217e-02]
 [  4.86691000e+05  -4.85064217e-02]
 [  1.76713000e+05  -4.85064217e-02]
 [  4.12301000e+05  -4.85064217e-02]
 [  2.67298300e+06  -4.85064217e-02]
 [  1.85342500e+06  -4.85064217e-02]
 [  1.76702600e+06  -4.85064217e-02]
 [  3.50993600e+06  -4.85064217e-02]
 [  3.52035000e+06  -4.85064217e-02]
 [  3.19124000e+05  -4.85064217e-02]
 [  3.53746000e+05  -4.85064217e-02]
 [  2.70664600e+06  -4.85064217e-02]
 [  4.08123000e+05  -4.85064217e-02]
 [  2.47263500e+06  -4.85064217e-02]
 [  1.58476300e+06  -4.85064217e-02]
 [  3.31016200e+06  -4.85064217e-02]
 [  2.74522800e+06  -4.85064217e-02]
 [  2.17722700e+06  -4.85064217e-02]
 [  1.54227900e+06  -4.85064217e-02]
 [  2.67833200e+06  -4.85064217e-02]
 [  1.33985000e+05  -4.85064217e-02]
 [  3.24981200e+06  -4.85064217e-02]
 [  7.82027000e+05  -4.85064217e-02]
 [  3.12142000e+05  -4.85064217e-02]
 [  1.39578900e+06  -4.85064217e-02]
 [  4.58990000e+04  -4.85064217e-02]
 [  1.97819700e+06  -4.85064217e-02]
 [  9.01175000e+05  -4.85064217e-02]
 [  6.42688000e+05  -4.85064217e-02]
 [  1.82312700e+06  -4.85064217e-02]
 [  6.86710000e+04  -4.85064217e-02]
 [  8.31209000e+05  -4.85064217e-02]
 [  3.12168400e+06  -4.85064217e-02]
 [  1.26063100e+06  -4.85064217e-02]
 [  3.59999300e+06  -4.85064217e-02]
 [  2.43089800e+06  -4.85064217e-02]
 [  2.86795500e+06  -4.85064217e-02]
 [  3.37313600e+06  -4.85064217e-02]
 [  3.44736900e+06  -4.85064217e-02]
 [  1.02152600e+06  -4.85064217e-02]
 [  5.15252000e+05  -4.85064217e-02]
 [  6.02906000e+05  -4.85064217e-02]
 [  1.37471900e+06  -4.85064217e-02]
 [  1.46366900e+06  -4.85064217e-02]
 [  3.61842800e+06  -4.85064217e-02]
 [  3.83886100e+06  -4.85064217e-02]
 [  9.94570000e+04  -4.85064217e-02]
 [  4.61637000e+05  -4.85064217e-02]
 [  2.32994900e+06  -4.85064217e-02]
 [  3.80563200e+06  -4.85064217e-02]
 [  3.77600000e+05  -4.85064217e-02]
 [  5.65786000e+05  -4.85064217e-02]
 [  1.19839700e+06  -4.85064217e-02]
 [  8.78356000e+05  -4.85064217e-02]
 [  1.86088300e+06  -4.85064217e-02]
 [  2.43659900e+06  -4.85064217e-02]
 [  2.94626400e+06  -4.85064217e-02]
 [  3.70490800e+06  -4.85064217e-02]
 [  9.87727000e+05  -4.85064217e-02]
 [  1.79245500e+06  -4.85064217e-02]
 [  1.17003900e+06  -4.85064217e-02]
 [  2.68916400e+06  -4.85064217e-02]
 [  3.22458000e+05  -4.85064217e-02]
 [  7.20541000e+05  -4.85064217e-02]
 [  9.52910000e+05  -4.85064217e-02]
 [  2.65541600e+06  -4.85064217e-02]
 [  2.27758100e+06  -4.85064217e-02]
 [  3.73028600e+06  -4.85064217e-02]
 [  1.74771900e+06  -4.85064217e-02]
 [  7.33545000e+05  -4.85064217e-02]
 [  2.40831100e+06  -4.85064217e-02]
 [  1.32307000e+06  -4.85064217e-02]
 [  3.30146200e+06  -4.85064217e-02]
 [  3.57145600e+06  -4.85064217e-02]
 [  2.65486900e+06  -4.85064217e-02]
 [  2.75765800e+06  -4.85064217e-02]
 [  3.81162600e+06  -4.85064217e-02]
 [  8.72868000e+05  -4.85064217e-02]
 [  2.41313300e+06  -4.85064217e-02]
 [  1.19019200e+06  -4.85064217e-02]
 [  2.68212900e+06  -4.85064217e-02]
 [  2.81967900e+06  -4.85064217e-02]
 [  1.21658200e+06  -4.85064217e-02]
 [  1.78104200e+06  -4.85064217e-02]
 [  2.34037700e+06  -4.85064217e-02]
 [  7.49056000e+05  -4.85064217e-02]
 [  3.55898600e+06  -4.85064217e-02]
 [  2.68134800e+06  -4.85064217e-02]
 [  2.36966400e+06  -4.85064217e-02]
 [  3.81356200e+06  -4.85064217e-02]
 [  2.82371100e+06  -4.85064217e-02]
 [  2.63611000e+05  -4.85064217e-02]
 [  2.55860500e+06  -4.85064217e-02]
 [  6.06633000e+05  -4.85064217e-02]
 [  1.40200100e+06  -4.85064217e-02]
 [  9.51580000e+05  -4.85064217e-02]
 [  5.81911000e+05  -4.85064217e-02]
 [  3.37595900e+06  -4.85064217e-02]
 [  2.14599300e+06  -4.85064217e-02]
 [  5.23435000e+05  -4.85064217e-02]
 [  3.51312800e+06  -4.85064217e-02]
 [  3.42628700e+06  -4.85064217e-02]
 [  3.64944700e+06  -4.85064217e-02]
 [  3.82502300e+06  -4.85064217e-02]
 [  6.07316000e+05  -4.85064217e-02]
 [  3.41353100e+06  -4.85064217e-02]
 [  3.65057700e+06  -9.70150739e-02]
 [  3.07696400e+06  -9.70150739e-02]
 [  1.32995600e+06  -9.70150739e-02]
 [  1.89208700e+06  -9.70150739e-02]
 [  2.77151000e+05  -9.70150739e-02]
 [  3.76370500e+06  -9.70150739e-02]
 [  2.96355100e+06  -9.70150739e-02]
 [  2.66581600e+06  -9.70150739e-02]
 [  2.52074300e+06  -9.70150739e-02]
 [  1.77131800e+06  -9.70150739e-02]
 [  3.89847100e+06  -9.70150739e-02]
 [  3.25191200e+06  -9.70150739e-02]
 [  7.13207000e+05  -9.70150739e-02]
 [  5.42238000e+05  -9.70150739e-02]
 [  2.48147000e+06  -9.70150739e-02]
 [  2.13183900e+06  -9.70150739e-02]
 [  7.24992000e+05  -9.70150739e-02]
 [  3.63208800e+06  -9.70150739e-02]
 [  2.80570900e+06  -9.70150739e-02]
 [  9.25935000e+05  -9.70150739e-02]
 [  1.79328300e+06  -9.70150739e-02]
 [  1.90736800e+06  -9.70150739e-02]
 [  6.08635000e+05  -9.70150739e-02]
 [  1.29213500e+06  -1.45528188e-01]
 [  6.15230000e+04  -1.45528188e-01]
 [  2.53224100e+06  -1.45528188e-01]
 [  1.04951200e+06  -1.45528188e-01]
 [  2.31240100e+06  -1.94047995e-01]]
Latent Semantic 2:
[[  2.31240100e+06   9.79364575e-01]
 [  3.64944700e+06  -8.21025672e-03]
 [  1.40545800e+06  -8.21025672e-03]
 [  4.85553000e+05  -8.21025672e-03]
 [  2.16610900e+06  -8.21025672e-03]
 [  2.10881500e+06  -8.21025672e-03]
 [  2.39268300e+06  -8.21025672e-03]
 [  2.25389000e+05  -8.21025672e-03]
 [  1.34804100e+06  -8.21025672e-03]
 [  3.46419900e+06  -8.21025672e-03]
 [  1.22983800e+06  -8.21025672e-03]
 [  2.35519500e+06  -8.21025672e-03]
 [  1.25370100e+06  -8.21025672e-03]
 [  5.20603000e+05  -8.21025672e-03]
 [  6.65569000e+05  -8.21025672e-03]
 [  1.28645000e+05  -8.21025672e-03]
 [  1.85612900e+06  -8.21025672e-03]
 [  3.37364400e+06  -8.21025672e-03]
 [  3.12095100e+06  -8.21025672e-03]
 [  1.30913700e+06  -8.21025672e-03]
 [  1.15804000e+06  -8.21025672e-03]
 [  2.76998800e+06  -8.21025672e-03]
 [  6.18247000e+05  -8.21025672e-03]
 [  2.45419000e+06  -8.21025672e-03]
 [  1.95387500e+06  -8.21025672e-03]
 [  1.29772000e+06  -8.21025672e-03]
 [  2.27625500e+06  -8.21025672e-03]
 [  3.19152200e+06  -8.21025672e-03]
 [  1.81760200e+06  -8.21025672e-03]
 [  6.65574000e+05  -8.21025672e-03]
 [  2.64748100e+06  -8.21025672e-03]
 [  2.25715000e+05  -8.21025672e-03]
 [  3.95152400e+06  -8.21025672e-03]
 [  1.72359000e+05  -8.21025672e-03]
 [  1.82312700e+06  -8.21025672e-03]
 [  2.47682900e+06  -8.21025672e-03]
 [  2.27402300e+06  -8.21025672e-03]
 [  3.13485800e+06  -8.21025672e-03]
 [  3.12142000e+05  -8.21025672e-03]
 [  4.99028000e+05  -8.21025672e-03]
 [  6.30676000e+05  -8.21025672e-03]
 [  4.06221000e+05  -8.21025672e-03]
 [  3.90721000e+06  -8.21025672e-03]
 [  2.08221200e+06  -8.21025672e-03]
 [  1.78104200e+06  -8.21025672e-03]
 [  3.24981200e+06  -8.21025672e-03]
 [  2.14968500e+06  -8.21025672e-03]
 [  2.41313300e+06  -8.21025672e-03]
 [  3.81162600e+06  -8.21025672e-03]
 [  2.47612500e+06  -8.21025672e-03]
 [  3.74743100e+06  -8.21025672e-03]
 [  3.39013000e+05  -8.21025672e-03]
 [  1.37471900e+06  -8.21025672e-03]
 [  1.79245500e+06  -8.21025672e-03]
 [  3.55898600e+06  -8.21025672e-03]
 [  1.19839700e+06  -8.21025672e-03]
 [  1.86088300e+06  -8.21025672e-03]
 [  3.70490800e+06  -8.21025672e-03]
 [  2.65541600e+06  -8.21025672e-03]
 [  9.87727000e+05  -8.21025672e-03]
 [  7.20541000e+05  -8.21025672e-03]
 [  3.50376000e+05  -8.21025672e-03]
 [  2.81967900e+06  -8.21025672e-03]
 [  7.15492000e+05  -8.21025672e-03]
 [  3.01735900e+06  -8.21025672e-03]
 [  4.55857000e+05  -8.21025672e-03]
 [  3.29247600e+06  -8.21025672e-03]
 [  4.58558000e+05  -8.21025672e-03]
 [  2.27510500e+06  -8.21025672e-03]
 [  3.37981000e+05  -8.21025672e-03]
 [  1.65844100e+06  -8.21025672e-03]
 [  9.01175000e+05  -8.21025672e-03]
 [  3.09770300e+06  -8.21025672e-03]
 [  2.80625500e+06  -8.21025672e-03]
 [  3.54474200e+06  -8.21025672e-03]
 [  2.10205100e+06  -8.21025672e-03]
 [  4.58990000e+04  -8.21025672e-03]
 [  9.73296000e+05  -8.21025672e-03]
 [  9.65850000e+04  -8.21025672e-03]
 [  3.75676000e+06  -8.21025672e-03]
 [  2.68916400e+06  -8.21025672e-03]
 [  5.62270000e+05  -8.21025672e-03]
 [  3.36889400e+06  -8.21025672e-03]
 [  3.78841300e+06  -8.21025672e-03]
 [  2.33895900e+06  -8.21025672e-03]
 [  1.39578900e+06  -8.21025672e-03]
 [  6.42688000e+05  -8.21025672e-03]
 [  2.87165300e+06  -8.21025672e-03]
 [  7.55909000e+05  -8.21025672e-03]
 [  1.76702600e+06  -8.21025672e-03]
 [  1.97819700e+06  -8.21025672e-03]
 [  7.82027000e+05  -8.21025672e-03]
 [  1.33985000e+05  -8.21025672e-03]
 [  2.43089800e+06  -8.21025672e-03]
 [  3.37313600e+06  -8.21025672e-03]
 [  2.32994900e+06  -8.21025672e-03]
 [  1.02152600e+06  -8.21025672e-03]
 [  9.94570000e+04  -8.21025672e-03]
 [  5.15252000e+05  -8.21025672e-03]
 [  3.61842800e+06  -8.21025672e-03]
 [  2.82371100e+06  -8.21025672e-03]
 [  3.77600000e+05  -8.21025672e-03]
 [  3.81356200e+06  -8.21025672e-03]
 [  2.55860500e+06  -8.21025672e-03]
 [  2.65486900e+06  -8.21025672e-03]
 [  7.49056000e+05  -8.21025672e-03]
 [  2.27758100e+06  -8.21025672e-03]
 [  2.40831100e+06  -8.21025672e-03]
 [  3.30146200e+06  -8.21025672e-03]
 [  2.43659900e+06  -8.21025672e-03]
 [  5.65786000e+05  -8.21025672e-03]
 [  2.19797800e+06  -8.21025672e-03]
 [  1.60636700e+06  -8.21025672e-03]
 [  2.94626400e+06  -8.21025672e-03]
 [  3.76284300e+06  -8.21025672e-03]
 [  1.19019200e+06  -8.21025672e-03]
 [  3.80563200e+06  -8.21025672e-03]
 [  1.17003900e+06  -8.21025672e-03]
 [  8.78356000e+05  -8.21025672e-03]
 [  3.22458000e+05  -8.21025672e-03]
 [  2.08302400e+06  -8.21025672e-03]
 [  2.68212900e+06  -8.21025672e-03]
 [  1.21658200e+06  -8.21025672e-03]
 [  2.34037700e+06  -8.21025672e-03]
 [  6.86710000e+04  -8.21025672e-03]
 [  3.16857300e+06  -8.21025672e-03]
 [  6.51056000e+05  -8.21025672e-03]
 [  3.42573400e+06  -8.21025672e-03]
 [  3.78389700e+06  -8.21025672e-03]
 [  2.75765800e+06  -8.21025672e-03]
 [  8.31209000e+05  -8.21025672e-03]
 [  3.78174400e+06  -8.21025672e-03]
 [  1.63746700e+06  -8.21025672e-03]
 [  3.01987900e+06  -8.21025672e-03]
 [  2.12586300e+06  -8.21025672e-03]
 [  9.52910000e+05  -8.21025672e-03]
 [  3.37595900e+06  -8.21025672e-03]
 [  8.72868000e+05  -8.21025672e-03]
 [  3.64840700e+06  -8.21025672e-03]
 [  3.57145600e+06  -8.21025672e-03]
 [  3.83886100e+06  -8.21025672e-03]
 [  1.32307000e+06  -8.21025672e-03]
 [  3.59999300e+06  -8.21025672e-03]
 [  2.86795500e+06  -8.21025672e-03]
 [  3.44736900e+06  -8.21025672e-03]
 [  1.26063100e+06  -8.21025672e-03]
 [  1.46366900e+06  -8.21025672e-03]
 [  6.02906000e+05  -8.21025672e-03]
 [  3.73028600e+06  -8.21025672e-03]
 [  2.68134800e+06  -8.21025672e-03]
 [  1.74771900e+06  -8.21025672e-03]
 [  7.33545000e+05  -8.21025672e-03]
 [  4.61637000e+05  -8.21025672e-03]
 [  2.36966400e+06  -8.21025672e-03]
 [  2.63611000e+05  -8.21025672e-03]
 [  2.90614000e+05  -8.21025672e-03]
 [  3.43108900e+06  -8.21025672e-03]
 [  3.40598500e+06  -8.21025672e-03]
 [  1.06974200e+06  -8.21025672e-03]
 [  2.96154700e+06  -8.21025672e-03]
 [  1.73926500e+06  -8.21025672e-03]
 [  3.80717900e+06  -8.21025672e-03]
 [  2.49555900e+06  -8.21025672e-03]
 [  1.76083100e+06  -8.21025672e-03]
 [  1.06141300e+06  -8.21025672e-03]
 [  1.16704800e+06  -8.21025672e-03]
 [  2.45226700e+06  -8.21025672e-03]
 [  1.98379900e+06  -8.21025672e-03]
 [  1.76121900e+06  -8.21025672e-03]
 [  2.55725300e+06  -8.21025672e-03]
 [  1.34234700e+06  -8.21025672e-03]
 [  3.42617600e+06  -8.21025672e-03]
 [  9.38435000e+05  -8.21025672e-03]
 [  2.42789600e+06  -8.21025672e-03]
 [  2.81607200e+06  -8.21025672e-03]
 [  3.61970200e+06  -8.21025672e-03]
 [  8.61346000e+05  -8.21025672e-03]
 [  1.67199100e+06  -8.21025672e-03]
 [  3.13166000e+05  -8.21025672e-03]
 [  7.18017000e+05  -8.21025672e-03]
 [  3.33993900e+06  -8.21025672e-03]
 [  1.92954000e+06  -8.21025672e-03]
 [  1.80844200e+06  -8.21025672e-03]
 [  2.74676700e+06  -8.21025672e-03]
 [  1.33513700e+06  -8.21025672e-03]
 [  3.25735800e+06  -8.21025672e-03]
 [  2.41111000e+06  -8.21025672e-03]
 [  6.21487000e+05  -8.21025672e-03]
 [  1.72631800e+06  -8.21025672e-03]
 [  6.23809000e+05  -8.21025672e-03]
 [  2.99107900e+06  -8.21025672e-03]
 [  3.11611400e+06  -8.21025672e-03]
 [  1.07266800e+06  -8.21025672e-03]
 [  7.19241000e+05  -8.21025672e-03]
 [  2.73192300e+06  -8.21025672e-03]
 [  7.55967000e+05  -8.21025672e-03]
 [  2.89976600e+06  -8.21025672e-03]
 [  7.21841000e+05  -8.21025672e-03]
 [  4.62304000e+05  -8.21025672e-03]
 [  1.85342500e+06  -8.21025672e-03]
 [  4.08123000e+05  -8.21025672e-03]
 [  1.76713000e+05  -8.21025672e-03]
 [  2.74522800e+06  -8.21025672e-03]
 [  2.67298300e+06  -8.21025672e-03]
 [  3.53746000e+05  -8.21025672e-03]
 [  2.87032300e+06  -8.21025672e-03]
 [  3.52035000e+06  -8.21025672e-03]
 [  4.86691000e+05  -8.21025672e-03]
 [  1.54227900e+06  -8.21025672e-03]
 [  1.58476300e+06  -8.21025672e-03]
 [  4.12301000e+05  -8.21025672e-03]
 [  4.16857000e+05  -8.21025672e-03]
 [  4.50680000e+05  -8.21025672e-03]
 [  3.50993600e+06  -8.21025672e-03]
 [  3.19124000e+05  -8.21025672e-03]
 [  2.70664600e+06  -8.21025672e-03]
 [  3.90026900e+06  -8.21025672e-03]
 [  8.30152000e+05  -8.21025672e-03]
 [  3.16365000e+05  -8.21025672e-03]
 [  5.23435000e+05  -8.21025672e-03]
 [  1.48382800e+06  -8.21025672e-03]
 [  2.60557100e+06  -8.21025672e-03]
 [  4.98094000e+05  -8.21025672e-03]
 [  9.51580000e+05  -8.21025672e-03]
 [  2.05501600e+06  -8.21025672e-03]
 [  6.06633000e+05  -8.21025672e-03]
 [  1.90051800e+06  -8.21025672e-03]
 [  1.40200100e+06  -8.21025672e-03]
 [  1.20631500e+06  -8.21025672e-03]
 [  6.30173000e+05  -8.21025672e-03]
 [  2.77808000e+05  -8.21025672e-03]
 [  1.29079100e+06  -8.21025672e-03]
 [  3.53718000e+05  -8.21025672e-03]
 [  2.83459000e+05  -8.21025672e-03]
 [  3.96877000e+05  -8.21025672e-03]
 [  1.69804800e+06  -8.21025672e-03]
 [  4.70697000e+05  -8.21025672e-03]
 [  3.42628700e+06  -8.21025672e-03]
 [  1.01498800e+06  -8.21025672e-03]
 [  8.37734000e+05  -8.21025672e-03]
 [  2.78679000e+05  -8.21025672e-03]
 [  2.87524900e+06  -8.21025672e-03]
 [  8.10424000e+05  -8.21025672e-03]
 [  2.49435900e+06  -8.21025672e-03]
 [  2.38391000e+05  -8.21025672e-03]
 [  1.48018500e+06  -8.21025672e-03]
 [  1.35191300e+06  -8.21025672e-03]
 [  2.07654000e+06  -8.21025672e-03]
 [  1.06030400e+06  -8.21025672e-03]
 [  2.43364000e+06  -8.21025672e-03]
 [  2.47205600e+06  -8.21025672e-03]
 [  3.12168400e+06  -8.21025672e-03]
 [  6.92749000e+05  -8.21025672e-03]
 [  5.91435000e+05  -8.21025672e-03]
 [  5.11361000e+05  -8.21025672e-03]
 [  2.26052800e+06  -8.21025672e-03]
 [  3.86263000e+05  -8.21025672e-03]
 [  2.80515400e+06  -8.21025672e-03]
 [  1.27353100e+06  -8.21025672e-03]
 [  3.47129400e+06  -8.21025672e-03]
 [  7.02631000e+05  -8.21025672e-03]
 [  3.89020300e+06  -8.21025672e-03]
 [  1.68114600e+06  -8.21025672e-03]
 [  2.61345400e+06  -8.21025672e-03]
 [  3.56860700e+06  -8.21025672e-03]
 [  2.99717100e+06  -8.21025672e-03]
 [  2.28426900e+06  -8.21025672e-03]
 [  1.83984800e+06  -8.21025672e-03]
 [  2.67833200e+06  -8.21025672e-03]
 [  2.17722700e+06  -8.21025672e-03]
 [  3.31016200e+06  -8.21025672e-03]
 [  2.47263500e+06  -8.21025672e-03]
 [  3.10310000e+05  -8.21025672e-03]
 [  1.78380000e+04  -8.21025672e-03]
 [  3.41353100e+06  -8.21025672e-03]
 [  5.81911000e+05  -8.21025672e-03]
 [  3.51312800e+06  -8.21025672e-03]
 [  2.14599300e+06  -8.21025672e-03]
 [  6.07316000e+05  -8.21025672e-03]
 [  3.82502300e+06  -8.21025672e-03]
 [  1.07258400e+06  -8.21025672e-03]
 [  2.04962700e+06  -8.21025672e-03]
 [  7.24992000e+05  -2.06991681e-02]
 [  1.79328300e+06  -2.06991681e-02]
 [  2.80570900e+06  -2.06991681e-02]
 [  3.76370500e+06  -2.06991681e-02]
 [  2.52074300e+06  -2.06991681e-02]
 [  7.13207000e+05  -2.06991681e-02]
 [  2.13183900e+06  -2.06991681e-02]
 [  5.42238000e+05  -2.06991681e-02]
 [  1.32995600e+06  -2.06991681e-02]
 [  1.90736800e+06  -2.06991681e-02]
 [  3.63208800e+06  -2.06991681e-02]
 [  1.89208700e+06  -2.06991681e-02]
 [  1.77131800e+06  -2.06991681e-02]
 [  9.25935000e+05  -2.06991681e-02]
 [  2.77151000e+05  -2.06991681e-02]
 [  3.25191200e+06  -2.06991681e-02]
 [  2.96355100e+06  -2.06991681e-02]
 [  3.65057700e+06  -2.06991681e-02]
 [  3.89847100e+06  -2.06991681e-02]
 [  2.48147000e+06  -2.06991681e-02]
 [  2.66581600e+06  -2.06991681e-02]
 [  3.07696400e+06  -2.06991681e-02]
 [  6.08635000e+05  -2.06991681e-02]
 [  2.53224100e+06  -5.48835471e-02]
 [  1.29213500e+06  -5.48835471e-02]
 [  1.04951200e+06  -5.48835471e-02]
 [  6.15230000e+04  -5.48835471e-02]]
Latent Semantic 3:
[[  2.53224100e+06   8.05818248e-01]
 [  1.29213500e+06   2.80868316e-02]
 [  3.41353100e+06   6.41420596e-14]
 [  5.23435000e+05   5.53205589e-14]
 [  5.81911000e+05   7.87736816e-15]
 [  6.08635000e+05   7.21644966e-15]
 [  3.82502300e+06   5.43942103e-15]
 [  9.51580000e+05   5.21173527e-15]
 [  3.64944700e+06   1.48860617e-15]
 [  3.65057700e+06   1.20614399e-15]
 [  9.25935000e+05   1.14298604e-15]
 [  3.25191200e+06   8.27912740e-16]
 [  3.63208800e+06   7.56550167e-16]
 [  1.90736800e+06   7.40928697e-16]
 [  2.77151000e+05   5.77568782e-16]
 [  7.24992000e+05   5.71287272e-16]
 [  1.79328300e+06   5.37090147e-16]
 [  2.80570900e+06   5.37090147e-16]
 [  2.52074300e+06   4.78172735e-16]
 [  3.76370500e+06   4.78172735e-16]
 [  1.32995600e+06   3.96632132e-16]
 [  2.66581600e+06   3.78804047e-16]
 [  1.77131800e+06   3.39873033e-16]
 [  1.07258400e+06   2.81585795e-16]
 [  2.13183900e+06   2.72509396e-16]
 [  1.89208700e+06   2.71208082e-16]
 [  2.96355100e+06   2.18708337e-16]
 [  2.48147000e+06  -3.55118712e-17]
 [  2.14599300e+06  -1.43641851e-16]
 [  7.13207000e+05  -2.09427826e-16]
 [  5.42238000e+05  -2.09427826e-16]
 [  1.27353100e+06  -2.77063025e-16]
 [  1.83984800e+06  -2.77063025e-16]
 [  2.99717100e+06  -2.77063025e-16]
 [  2.80515400e+06  -2.77063025e-16]
 [  3.86263000e+05  -2.77063025e-16]
 [  2.26052800e+06  -2.77063025e-16]
 [  1.78380000e+04  -2.77063025e-16]
 [  5.11361000e+05  -2.77063025e-16]
 [  5.91435000e+05  -2.77063025e-16]
 [  6.92749000e+05  -2.77063025e-16]
 [  3.47129400e+06  -2.77063025e-16]
 [  2.61345400e+06  -2.77063025e-16]
 [  3.56860700e+06  -2.77063025e-16]
 [  3.12168400e+06  -2.77065051e-16]
 [  2.28426900e+06  -2.77065051e-16]
 [  2.99107900e+06  -2.91903446e-16]
 [  3.11611400e+06  -2.91903446e-16]
 [  6.23809000e+05  -2.91903446e-16]
 [  1.07266800e+06  -2.91903446e-16]
 [  2.89976600e+06  -2.91903447e-16]
 [  7.21841000e+05  -2.91903447e-16]
 [  7.55967000e+05  -2.91903447e-16]
 [  1.80844200e+06  -2.91903447e-16]
 [  3.25735800e+06  -2.91903447e-16]
 [  2.73192300e+06  -2.91903447e-16]
 [  7.19241000e+05  -2.91903447e-16]
 [  1.72631800e+06  -2.91903447e-16]
 [  3.95152400e+06  -2.92130975e-16]
 [  6.21487000e+05  -2.96514921e-16]
 [  2.41111000e+06  -2.96514921e-16]
 [  3.89847100e+06  -3.65482944e-16]
 [  3.78841300e+06  -3.67516775e-16]
 [  2.87165300e+06  -3.67516775e-16]
 [  1.76702600e+06  -3.67516775e-16]
 [  2.33895900e+06  -3.67516775e-16]
 [  3.36889400e+06  -3.67516775e-16]
 [  1.33985000e+05  -3.67516775e-16]
 [  7.82027000e+05  -3.67516775e-16]
 [  1.97819700e+06  -3.67516775e-16]
 [  1.39578900e+06  -3.67516775e-16]
 [  7.55909000e+05  -3.67516775e-16]
 [  6.42688000e+05  -3.67516775e-16]
 [  2.90614000e+05  -3.74717148e-16]
 [  9.38435000e+05  -3.74717148e-16]
 [  1.06974200e+06  -3.74717148e-16]
 [  3.43108900e+06  -3.74717148e-16]
 [  3.19152200e+06  -3.75634773e-16]
 [  6.18247000e+05  -3.75634773e-16]
 [  1.29772000e+06  -3.75634773e-16]
 [  1.95387500e+06  -3.75634773e-16]
 [  1.81760200e+06  -3.75634773e-16]
 [  2.27625500e+06  -3.75634773e-16]
 [  2.45419000e+06  -3.75634773e-16]
 [  1.33513700e+06  -3.77774793e-16]
 [  2.74676700e+06  -3.77774793e-16]
 [  2.25389000e+05  -3.77916421e-16]
 [  2.10881500e+06  -3.77916421e-16]
 [  6.65569000e+05  -3.77916421e-16]
 [  8.10424000e+05  -3.89577750e-16]
 [  1.69804800e+06  -3.89577750e-16]
 [  1.01498800e+06  -3.89577750e-16]
 [  2.43364000e+06  -3.91600625e-16]
 [  2.78679000e+05  -3.91602319e-16]
 [  2.07654000e+06  -3.91602319e-16]
 [  1.48018500e+06  -3.91602319e-16]
 [  1.35191300e+06  -3.91602319e-16]
 [  1.06030400e+06  -3.91602319e-16]
 [  2.38391000e+05  -3.91602319e-16]
 [  2.49435900e+06  -3.91602319e-16]
 [  2.87524900e+06  -3.91602323e-16]
 [  3.54474200e+06  -3.94137390e-16]
 [  1.34804100e+06  -4.02607217e-16]
 [  3.37364400e+06  -4.02607217e-16]
 [  3.12095100e+06  -4.02607218e-16]
 [  3.46419900e+06  -4.02607218e-16]
 [  1.22983800e+06  -4.02607218e-16]
 [  1.30913700e+06  -4.02607218e-16]
 [  1.85612900e+06  -4.02607218e-16]
 [  1.40545800e+06  -4.02607218e-16]
 [  1.25370100e+06  -4.02607218e-16]
 [  2.35519500e+06  -4.02607218e-16]
 [  2.39268300e+06  -4.02607218e-16]
 [  4.85553000e+05  -4.02607218e-16]
 [  2.16610900e+06  -4.02607232e-16]
 [  5.20603000e+05  -4.02607232e-16]
 [  1.28645000e+05  -4.02607233e-16]
 [  7.02631000e+05  -4.06731102e-16]
 [  3.89020300e+06  -4.06731102e-16]
 [  1.68114600e+06  -4.06731102e-16]
 [  2.76998800e+06  -4.07127462e-16]
 [  1.15804000e+06  -4.07127462e-16]
 [  1.40200100e+06  -4.12010166e-16]
 [  8.37734000e+05  -4.12060447e-16]
 [  4.70697000e+05  -4.16536930e-16]
 [  2.87032300e+06  -4.26403058e-16]
 [  1.54227900e+06  -4.26403058e-16]
 [  2.74522800e+06  -4.26403058e-16]
 [  1.58476300e+06  -4.26403058e-16]
 [  1.85342500e+06  -4.26403058e-16]
 [  2.67298300e+06  -4.26403059e-16]
 [  4.86691000e+05  -4.26403059e-16]
 [  1.76713000e+05  -4.26403059e-16]
 [  3.52035000e+06  -4.26403059e-16]
 [  3.53746000e+05  -4.26403059e-16]
 [  4.08123000e+05  -4.26403059e-16]
 [  4.62304000e+05  -4.26403059e-16]
 [  2.43089800e+06  -4.29116600e-16]
 [  3.37313600e+06  -4.29116600e-16]
 [  1.02152600e+06  -4.29116600e-16]
 [  2.32994900e+06  -4.29116600e-16]
 [  3.61842800e+06  -4.29116600e-16]
 [  5.15252000e+05  -4.29116600e-16]
 [  9.94570000e+04  -4.29116600e-16]
 [  2.27758100e+06  -4.29116601e-16]
 [  2.55860500e+06  -4.29116601e-16]
 [  3.81356200e+06  -4.29116601e-16]
 [  3.77600000e+05  -4.29116601e-16]
 [  2.82371100e+06  -4.29116601e-16]
 [  7.49056000e+05  -4.29116601e-16]
 [  2.40831100e+06  -4.29116601e-16]
 [  2.65486900e+06  -4.29116601e-16]
 [  3.30146200e+06  -4.29116601e-16]
 [  9.73296000e+05  -4.31286737e-16]
 [  2.10205100e+06  -4.31286737e-16]
 [  7.15492000e+05  -4.31286737e-16]
 [  3.09770300e+06  -4.31286737e-16]
 [  3.37981000e+05  -4.31286737e-16]
 [  2.80625500e+06  -4.31286737e-16]
 [  2.27510500e+06  -4.31286737e-16]
 [  3.29247600e+06  -4.31286737e-16]
 [  4.58558000e+05  -4.31286737e-16]
 [  3.01735900e+06  -4.31286737e-16]
 [  9.01175000e+05  -4.31286737e-16]
 [  1.65844100e+06  -4.31286737e-16]
 [  1.82312700e+06  -4.31286737e-16]
 [  4.58990000e+04  -4.31286737e-16]
 [  3.12142000e+05  -4.31286737e-16]
 [  3.24981200e+06  -4.31286737e-16]
 [  1.19839700e+06  -4.31288733e-16]
 [  1.86088300e+06  -4.31288733e-16]
 [  2.68916400e+06  -4.31288733e-16]
 [  7.20541000e+05  -4.31288733e-16]
 [  2.65541600e+06  -4.31288733e-16]
 [  9.87727000e+05  -4.31288733e-16]
 [  3.70490800e+06  -4.31288733e-16]
 [  2.41313300e+06  -4.31288734e-16]
 [  3.81162600e+06  -4.31288734e-16]
 [  2.81967900e+06  -4.31288734e-16]
 [  3.13485800e+06  -4.31288734e-16]
 [  1.78104200e+06  -4.31288734e-16]
 [  4.99028000e+05  -4.31288734e-16]
 [  4.06221000e+05  -4.31288734e-16]
 [  3.90721000e+06  -4.31288734e-16]
 [  3.50376000e+05  -4.31288734e-16]
 [  2.47682900e+06  -4.31288734e-16]
 [  3.75676000e+06  -4.31288734e-16]
 [  5.62270000e+05  -4.31288734e-16]
 [  6.65574000e+05  -4.44727306e-16]
 [  2.64748100e+06  -4.44727306e-16]
 [  2.25715000e+05  -4.44727322e-16]
 [  9.65850000e+04  -4.47257790e-16]
 [  4.55857000e+05  -4.47257791e-16]
 [  2.49555900e+06  -4.51232404e-16]
 [  2.96154700e+06  -4.51232421e-16]
 [  1.34234700e+06  -4.51232421e-16]
 [  3.42617600e+06  -4.51232421e-16]
 [  1.67199100e+06  -4.51232421e-16]
 [  2.81607200e+06  -4.51232421e-16]
 [  3.33993900e+06  -4.51232421e-16]
 [  3.13166000e+05  -4.51232421e-16]
 [  1.06141300e+06  -4.51232421e-16]
 [  3.80717900e+06  -4.51232421e-16]
 [  1.98379900e+06  -4.51232421e-16]
 [  8.61346000e+05  -4.51232421e-16]
 [  3.37595900e+06  -4.51233982e-16]
 [  3.61970200e+06  -4.51377937e-16]
 [  2.42789600e+06  -4.51377938e-16]
 [  2.55725300e+06  -4.51377938e-16]
 [  1.76083100e+06  -4.51377938e-16]
 [  1.73926500e+06  -4.51377938e-16]
 [  1.16704800e+06  -4.51377938e-16]
 [  7.18017000e+05  -4.51377938e-16]
 [  1.76121900e+06  -4.51377938e-16]
 [  3.40598500e+06  -4.51377938e-16]
 [  2.45226700e+06  -4.51377938e-16]
 [  1.72359000e+05  -4.52885907e-16]
 [  2.17722700e+06  -4.53085901e-16]
 [  3.10310000e+05  -4.53085901e-16]
 [  2.47263500e+06  -4.53085901e-16]
 [  3.31016200e+06  -4.53085901e-16]
 [  2.67833200e+06  -4.53085901e-16]
 [  1.63746700e+06  -4.57743920e-16]
 [  2.12586300e+06  -4.57743920e-16]
 [  3.78174400e+06  -4.57743920e-16]
 [  3.64840700e+06  -4.57743920e-16]
 [  3.01987900e+06  -4.57743920e-16]
 [  3.76284300e+06  -4.57743920e-16]
 [  3.80563200e+06  -4.57743920e-16]
 [  1.19019200e+06  -4.57743921e-16]
 [  2.43659900e+06  -4.57743921e-16]
 [  3.22458000e+05  -4.57745949e-16]
 [  6.02906000e+05  -4.57745949e-16]
 [  9.52910000e+05  -4.57745949e-16]
 [  1.17003900e+06  -4.57745949e-16]
 [  2.19797800e+06  -4.57745949e-16]
 [  1.60636700e+06  -4.57745949e-16]
 [  2.94626400e+06  -4.57745949e-16]
 [  5.65786000e+05  -4.57745949e-16]
 [  8.78356000e+05  -4.57745949e-16]
 [  2.68134800e+06  -4.57745949e-16]
 [  2.75765800e+06  -4.57745949e-16]
 [  8.72868000e+05  -4.57745949e-16]
 [  3.57145600e+06  -4.57745949e-16]
 [  1.32307000e+06  -4.57745949e-16]
 [  7.33545000e+05  -4.57745949e-16]
 [  1.74771900e+06  -4.57745949e-16]
 [  2.63611000e+05  -4.57745949e-16]
 [  2.36966400e+06  -4.57745949e-16]
 [  1.46366900e+06  -4.57745949e-16]
 [  3.83886100e+06  -4.57745949e-16]
 [  4.61637000e+05  -4.57745949e-16]
 [  2.86795500e+06  -4.57745949e-16]
 [  3.59999300e+06  -4.57745949e-16]
 [  1.26063100e+06  -4.57745949e-16]
 [  3.44736900e+06  -4.57745949e-16]
 [  2.68212900e+06  -4.57745949e-16]
 [  1.21658200e+06  -4.57745949e-16]
 [  2.34037700e+06  -4.57745949e-16]
 [  6.86710000e+04  -4.57745949e-16]
 [  3.73028600e+06  -4.57745949e-16]
 [  6.51056000e+05  -4.57745949e-16]
 [  3.16857300e+06  -4.57745949e-16]
 [  3.78389700e+06  -4.57745949e-16]
 [  3.42573400e+06  -4.57745949e-16]
 [  2.08302400e+06  -4.57745949e-16]
 [  8.31209000e+05  -4.57745949e-16]
 [  6.06633000e+05  -4.73579509e-16]
 [  8.30152000e+05  -4.75940331e-16]
 [  3.90026900e+06  -4.75940331e-16]
 [  1.48382800e+06  -4.75940331e-16]
 [  4.98094000e+05  -4.75940331e-16]
 [  2.60557100e+06  -4.75940331e-16]
 [  2.05501600e+06  -4.75940331e-16]
 [  1.90051800e+06  -4.75940332e-16]
 [  1.20631500e+06  -4.75940332e-16]
 [  3.16365000e+05  -4.75940332e-16]
 [  3.39013000e+05  -4.84264608e-16]
 [  3.55898600e+06  -4.84264608e-16]
 [  1.37471900e+06  -4.84264608e-16]
 [  2.08221200e+06  -4.84264608e-16]
 [  1.79245500e+06  -4.84264608e-16]
 [  2.47612500e+06  -4.84264608e-16]
 [  6.30676000e+05  -4.84264608e-16]
 [  2.14968500e+06  -4.84264608e-16]
 [  3.74743100e+06  -4.84264608e-16]
 [  2.27402300e+06  -4.84264608e-16]
 [  1.92954000e+06  -4.85037356e-16]
 [  2.77808000e+05  -4.99206323e-16]
 [  3.96877000e+05  -4.99206323e-16]
 [  6.30173000e+05  -4.99206323e-16]
 [  1.29079100e+06  -5.03834232e-16]
 [  2.83459000e+05  -5.03834232e-16]
 [  2.47205600e+06  -5.03834232e-16]
 [  3.53718000e+05  -5.03834232e-16]
 [  4.50680000e+05  -5.20212156e-16]
 [  2.70664600e+06  -5.20212156e-16]
 [  4.16857000e+05  -5.20212156e-16]
 [  3.50993600e+06  -5.20212156e-16]
 [  3.19124000e+05  -5.20212156e-16]
 [  4.12301000e+05  -5.20212156e-16]
 [  2.04962700e+06  -7.55912649e-16]
 [  2.31240100e+06  -2.74636402e-15]
 [  3.51312800e+06  -5.67413108e-15]
 [  3.07696400e+06  -7.93631812e-15]
 [  6.07316000e+05  -1.03018869e-14]
 [  3.42628700e+06  -1.42859381e-14]
 [  1.04951200e+06  -3.84018967e-01]
 [  6.15230000e+04  -4.49886112e-01]]
Labels: 
group 0:

3704908
2558605
2102051
2665816
665574
2275105
2613454
2520743
461637
2145993
755967
1405458
462304
499028
2689164
1335137
3788413
2557253
1402001
1793283
1671991
925935
319124
3811626
3763705
263611
1781042
2436599
542238
3898471
1761219
1273531
1290791
1072584
128645
1860883
562270
3373136
2274023
225715
565786
719241
2108815
2681348
316365
1170039
3825023
2805154
1198397
1342347
2125863
878356
2769988
3019879
749056
1061413
3191522
2472635
2867955
176713
290614
3097703
3121684
3373644
3509936
2408311
938435
692749
3339939
2899766
1853425
470697
3783897
3619702
713207
720541
3249812
3747431
591435
3568607
830152
2131839
3648407
2166109
1021526
837734
277151
408123
2678332
337981
3116114
1767026
523435
2654869
520603
1637467
1463669
1069742
3405985
2655416
2197978
350376
1297720
952910
724992
3076964
1792455
2454190
2284269
1771318
1760831
1329956
3756760
406221
377600
1158040
2961547
2682129
61523
2706646
1348041
1060304
2338959
3618428
312142
581911
2049627
3558986
3730286
810424
606633
2481470
607316
1658441
412301
861346
3301462
2277581
68671
3368894
1606367
1014988
2340377
322458
486691
2476125
353718
831209
2816072
715492
630173
1206315
3599993
1698048
1374719
455857
396877
721841
3762843
1839848
498094
3571456
1072668
283459
630676
277808
3425734
1395789
1049512
1726318
2672983
623809
3520350
3544742
987727
872868
2731923
3464199
2149685
2875249
2427896
2757658
2392683
99457
1216582
339013
1907368
1808442
2472056
1739265
755909
2946264
278679
3375959
901175
1229838
2605571
2871653
2870323
2746767
1292135
2495559
3807179
2260528
3310162
1323070
3017359
1978197
3413531
3257358
2494359
310310
133985
3805632
1480185
3781744
1253701
2806255
1190192
1953875
1681146
515252
96585
3471294
602906
3120951
3838861
3951524
3251912
3292476
3907210
416857
3632088
2369664
450680
2997171
1542279
1483828
386263
2819679
2082212
1823127
1260631
2745228
2411110
485553
3426287
951580
1817602
3134858
458558
1856129
238391
511361
3447369
2413133
1351913
2430898
782027
3650577
2433640
2055016
1584763
353746
702631
3513128
2329949
2476829
2076540
718017
1900518
1929540
618247
2083024
608635
733545
2991079
3890203
3426176
665569
3168573
225389
17838
2276255
2647481
172359
1309137
2355195
2452267
3900269
313166
651056
2823711
621487
3649447
642688
45899
1167048
3813562
2177227
1983799
2963551
1747719
973296
1892087
3431089
2805709
group 1:

2312401
group 2:

2532241
