Latent Semantic for Year

[[  2.00000000e+003   1.00000000e+000]
 [  2.00600000e+003   4.53581738e-015]
 [  2.00300000e+003   2.76086421e-025]
 [  2.00700000e+003   4.37676565e-067]
 [  2.00400000e+003   1.39095319e-067]
 [  2.00100000e+003   7.09399346e-074]
 [  2.00500000e+003   1.42871231e-091]
 [  2.00200000e+003   1.45791744e-096]
 [  2.00800000e+003   6.70792005e-118]]
[[  2.00000000e+03  -4.63659391e-69]
 [  2.00100000e+03   1.43962217e-16]
 [  2.00200000e+03   1.04814271e-29]
 [  2.00300000e+03   6.63586472e-24]
 [  2.00400000e+03   1.00000000e+00]
 [  2.00500000e+03   1.68427994e-34]
 [  2.00600000e+03   3.55356406e-33]
 [  2.00700000e+03   2.01841067e-17]
 [  2.00800000e+03   4.82253472e-51]]
[[  2.00000000e+03  -4.14150698e-67]
 [  2.00100000e+03   1.91898287e-21]
 [  2.00200000e+03  -3.11284435e-46]
 [  2.00300000e+03  -1.99179389e-40]
 [  2.00400000e+03  -2.96986692e-17]
 [  2.00500000e+03   4.71867256e-25]
 [  2.00600000e+03   1.21916672e-47]
 [  2.00700000e+03   1.00000000e+00]
 [  2.00800000e+03   1.04112738e-66]]
[[  2.00000000e+03  -2.71745029e-84]
 [  2.00100000e+03   9.94943367e-01]
 [  2.00200000e+03   1.16367217e-45]
 [  2.00300000e+03   2.63407628e-39]
 [  2.00400000e+03   1.11016269e-16]
 [  2.00500000e+03   2.28949883e-18]
 [  2.00600000e+03   3.94524863e-49]
 [  2.00700000e+03   4.65748108e-23]
 [  2.00800000e+03   5.35408909e-67]]
[[  2.00000000e+003   1.00000000e+000]
 [  2.00100000e+003   7.09399346e-074]
 [  2.00200000e+003   1.45791744e-096]
 [  2.00300000e+003   2.76086421e-025]
 [  2.00400000e+003   1.39095319e-067]
 [  2.00500000e+003   1.42871231e-091]
 [  2.00600000e+003   4.53581738e-015]
 [  2.00700000e+003   4.37676565e-067]
 [  2.00800000e+003   6.70792005e-118]]
Latent Semantic for Movie

[[  3.23900000e+003   8.36576437e-001]
 [  3.32300000e+003   4.67521513e-001]
 [  3.20700000e+003   3.34766293e-001]
 [  3.21600000e+003   2.98071918e-001]
 [  3.36600000e+003   2.45140508e-001]
 [  3.85400000e+003   2.39451036e-001]
 [  3.46700000e+003   2.32909710e-001]
 [  3.90600000e+003   1.90322922e-001]
 [  3.18900000e+003   8.68839901e-002]
 [  9.41700000e+003   1.44745011e-014]
 [  5.91500000e+003   1.62273287e-024]
 [  6.09700000e+003   4.75506533e-025]
 [  7.23200000e+003   2.60212322e-055]
 [  7.14900000e+003   1.99533447e-055]
 [  7.32000000e+003   1.94614274e-055]
 [  7.75500000e+003   1.91193702e-055]
 [  7.23500000e+003   1.45293497e-055]
 [  7.24700000e+003   1.15367004e-055]
 [  7.20200000e+003   3.68162335e-056]
 [  7.21200000e+003   2.74126554e-056]
 [  9.42000000e+003   3.06106648e-060]
 [  9.78200000e+003   3.11893425e-064]
 [  5.91400000e+003   2.01120188e-070]
 [  4.25200000e+003   8.38763169e-072]
 [  4.07200000e+003   8.25207261e-072]
 [  4.06800000e+003   4.38409897e-072]
 [  4.35400000e+003   4.23354586e-072]
 [  6.05700000e+003   1.18078765e-078]
 [  9.44300000e+003   2.83654866e-079]
 [  5.17100000e+003   2.30537615e-083]
 [  5.00000000e+003   2.24854084e-083]
 [  8.90100000e+003   2.44530299e-088]
 [  8.90300000e+003   9.00084101e-092]
 [  8.86000000e+003   5.97796970e-092]
 [  8.92900000e+003   1.83157184e-092]
 [  8.86500000e+003   1.13396154e-092]
 [  6.16300000e+003   2.49771229e-095]
 [  1.00590000e+004   4.07145253e-104]
 [  6.42500000e+003   2.96885116e-108]
 [  1.02410000e+004   2.16650829e-121]
 [  1.02340000e+004   5.19521545e-157]
 [  1.01570000e+004   1.82693903e-196]
 [  9.41900000e+003   5.65758588e-221]
 [  9.51400000e+003   5.45704355e-221]
 [  9.44100000e+003   4.51919821e-221]
 [  9.44800000e+003   4.24909859e-222]
 [  1.01780000e+004   6.89744155e-283]
 [  1.01430000e+004   0.00000000e+000]
 [  4.99900000e+003   0.00000000e+000]
 [  5.04400000e+003   0.00000000e+000]
 [  5.07800000e+003   0.00000000e+000]
 [  1.02270000e+004   0.00000000e+000]
 [  5.12300000e+003   0.00000000e+000]
 [  5.16100000e+003   0.00000000e+000]
 [  4.68100000e+003   0.00000000e+000]
 [  6.05800000e+003   0.00000000e+000]
 [  5.32400000e+003   0.00000000e+000]
 [  5.95900000e+003   0.00000000e+000]
 [  6.16600000e+003   0.00000000e+000]
 [  6.18500000e+003   0.00000000e+000]
 [  9.43800000e+003  -2.81256026e-221]
 [  9.43200000e+003  -1.71549489e-133]
 [  1.01560000e+004  -5.52848406e-104]
 [  8.77900000e+003  -1.01188618e-092]
 [  8.86200000e+003  -6.09377580e-089]
 [  8.93900000e+003  -1.16605254e-088]
 [  8.93500000e+003  -3.01900838e-087]
 [  5.07600000e+003  -5.77593281e-084]
 [  4.15200000e+003  -1.73961596e-072]
 [  4.07600000e+003  -2.79897192e-072]
 [  4.06400000e+003  -6.03648736e-072]
 [  4.13200000e+003  -1.15237197e-071]
 [  4.05700000e+003  -2.75839705e-071]
 [  4.86900000e+003  -4.04233545e-070]
 [  3.96100000e+003  -4.04371357e-070]
 [  9.82100000e+003  -2.64746652e-065]
 [  9.81600000e+003  -2.29546627e-064]
 [  9.77900000e+003  -3.08608574e-064]
 [  9.81800000e+003  -9.13434772e-064]
 [  9.77500000e+003  -1.19193160e-063]
 [  9.73900000e+003  -2.00881612e-063]
 [  9.79700000e+003  -2.56247714e-063]
 [  9.80700000e+003  -4.01378271e-063]
 [  9.75300000e+003  -5.47988709e-063]
 [  7.06200000e+003  -4.99914855e-056]
 [  3.23300000e+003  -4.67946906e-003]]
[[  3.18900000e+003   3.42561840e-067]
 [  3.20700000e+003   1.31989975e-066]
 [  3.21600000e+003   1.17522301e-066]
 [  3.23300000e+003  -1.84499760e-068]
 [  3.23900000e+003   3.29841163e-066]
 [  3.32300000e+003   1.84332038e-066]
 [  3.36600000e+003   9.66527703e-067]
 [  3.46700000e+003   9.18304726e-067]
 [  3.85400000e+003   9.44095540e-067]
 [  3.90600000e+003   7.50395676e-067]
 [  3.96100000e+003   1.37710511e-016]
 [  4.05700000e+003   9.39384705e-018]
 [  4.06400000e+003   2.05575333e-018]
 [  4.06800000e+003  -1.49302491e-018]
 [  4.07200000e+003  -2.81028100e-018]
 [  4.07600000e+003   3.82804834e-017]
 [  4.13200000e+003   3.92445535e-018]
 [  4.15200000e+003   5.92434154e-019]
 [  4.25200000e+003  -2.85644626e-018]
 [  4.35400000e+003   2.06857939e-017]
 [  4.68100000e+003   0.00000000e+000]
 [  4.86900000e+003   1.37663579e-016]
 [  4.99900000e+003   0.00000000e+000]
 [  5.00000000e+003   5.41040347e-029]
 [  5.04400000e+003   0.00000000e+000]
 [  5.07600000e+003  -1.38979583e-029]
 [  5.07800000e+003   0.00000000e+000]
 [  5.12300000e+003   0.00000000e+000]
 [  5.16100000e+003   0.00000000e+000]
 [  5.17100000e+003   5.54715968e-029]
 [  5.32400000e+003   0.00000000e+000]
 [  5.91400000e+003   2.69697815e-023]
 [  5.91500000e+003   6.00995581e-041]
 [  5.95900000e+003   0.00000000e+000]
 [  6.05700000e+003   2.84119260e-024]
 [  6.05800000e+003   0.00000000e+000]
 [  6.09700000e+003   2.69697815e-023]
 [  6.16300000e+003   6.00995581e-041]
 [  6.16600000e+003   0.00000000e+000]
 [  6.18500000e+003   0.00000000e+000]
 [  6.42500000e+003  -1.01105582e-054]
 [  7.06200000e+003  -1.20288723e-001]
 [  7.14900000e+003   4.80114229e-001]
 [  7.20200000e+003   8.85866397e-002]
 [  7.21200000e+003   6.59598986e-002]
 [  7.23200000e+003   6.26118782e-001]
 [  7.23500000e+003   3.49602918e-001]
 [  7.24700000e+003   2.77594263e-001]
 [  7.32000000e+003   4.68277793e-001]
 [  7.75500000e+003   4.60047267e-001]
 [  8.77900000e+003  -3.94190457e-049]
 [  8.86000000e+003   2.32877833e-048]
 [  8.86200000e+003   2.07828307e-035]
 [  8.86500000e+003   4.41746145e-049]
 [  8.90100000e+003  -8.32441997e-035]
 [  8.90300000e+003   3.50636831e-048]
 [  8.92900000e+003   7.13507267e-049]
 [  8.93500000e+003   3.97615862e-035]
 [  8.93900000e+003   3.97615862e-035]
 [  9.41700000e+003   5.70694309e-080]
 [  9.41900000e+003   2.23064460e-286]
 [  9.42000000e+003   1.15711756e-049]
 [  9.43200000e+003  -2.34871140e-086]
 [  9.43800000e+003  -1.10892216e-286]
 [  9.44100000e+003   1.78180681e-286]
 [  9.44300000e+003   3.88356399e-032]
 [  9.44800000e+003   1.67531329e-287]
 [  9.51400000e+003   2.15157577e-286]
 [  9.73900000e+003   2.19319437e-024]
 [  9.75300000e+003   5.98285596e-024]
 [  9.77500000e+003   1.30133248e-024]
 [  9.77900000e+003   3.36934068e-025]
 [  9.78200000e+003  -3.40520417e-025]
 [  9.79700000e+003   2.79767290e-024]
 [  9.80700000e+003   4.38218588e-024]
 [  9.81600000e+003   2.50909870e-025]
 [  9.81800000e+003   9.97273955e-025]
 [  9.82100000e+003   2.89046299e-026]
 [  1.00590000e+004   9.79666479e-050]
 [  1.01430000e+004   0.00000000e+000]
 [  1.01560000e+004  -1.33025511e-049]
 [  1.01570000e+004   4.39595185e-142]
 [  1.01780000e+004   1.65965150e-228]
 [  1.02270000e+004   0.00000000e+000]
 [  1.02340000e+004   1.25006454e-102]
 [  1.02410000e+004   5.21303992e-067]]
[[  3.18900000e+003   1.29826604e-063]
 [  3.20700000e+003   5.00225309e-063]
 [  3.21600000e+003   4.45394655e-063]
 [  3.23300000e+003  -1.03482128e-064]
 [  3.23900000e+003   1.25005628e-062]
 [  3.32300000e+003   6.98595105e-063]
 [  3.36600000e+003   3.66301772e-063]
 [  3.46700000e+003   3.48025874e-063]
 [  3.85400000e+003   3.57800266e-063]
 [  3.90600000e+003   2.84390468e-063]
 [  3.96100000e+003  -1.13074357e-022]
 [  4.05700000e+003  -8.39875375e-024]
 [  4.06400000e+003  -1.83798670e-024]
 [  4.06800000e+003   1.33486830e-024]
 [  4.07200000e+003   2.51258701e-024]
 [  4.07600000e+003  -4.99000642e-024]
 [  4.13200000e+003  -3.50873650e-024]
 [  4.15200000e+003  -5.29677410e-025]
 [  4.25200000e+003   6.13578248e-024]
 [  4.35400000e+003  -1.16383897e-024]
 [  4.68100000e+003   0.00000000e+000]
 [  4.86900000e+003  -1.23080831e-022]
 [  4.99900000e+003   0.00000000e+000]
 [  5.00000000e+003   4.19760297e-052]
 [  5.04400000e+003   0.00000000e+000]
 [  5.07600000e+003  -1.07825805e-052]
 [  5.07800000e+003   0.00000000e+000]
 [  5.12300000e+003   0.00000000e+000]
 [  5.16100000e+003   0.00000000e+000]
 [  5.17100000e+003   4.30370379e-052]
 [  5.32400000e+003   0.00000000e+000]
 [  5.91400000e+003   2.09242130e-046]
 [  5.91500000e+003  -4.18716630e-041]
 [  5.95900000e+003   0.00000000e+000]
 [  6.05700000e+003   2.20430853e-047]
 [  6.05800000e+003   0.00000000e+000]
 [  6.09700000e+003   2.09242130e-046]
 [  6.16300000e+003  -4.18586661e-041]
 [  6.16600000e+003   0.00000000e+000]
 [  6.18500000e+003   0.00000000e+000]
 [  6.42500000e+003   3.33384065e-058]
 [  7.06200000e+003  -9.33247037e-025]
 [  7.14900000e+003   3.72491427e-024]
 [  7.20200000e+003   6.87289855e-025]
 [  7.21200000e+003   5.11742733e-025]
 [  7.23200000e+003   4.85767479e-024]
 [  7.23500000e+003   2.71235639e-024]
 [  7.24700000e+003   2.15368504e-024]
 [  7.32000000e+003   3.63308256e-024]
 [  7.75500000e+003   3.56922692e-024]
 [  8.77900000e+003  -3.27481108e-025]
 [  8.86000000e+003   1.93467624e-024]
 [  8.86200000e+003   2.86985968e-024]
 [  8.86500000e+003   3.66988887e-025]
 [  8.90100000e+003   3.01342257e-024]
 [  8.90300000e+003   2.91298118e-024]
 [  8.92900000e+003   5.92759531e-025]
 [  8.93500000e+003   9.61595580e-024]
 [  8.93900000e+003   4.85941299e-024]
 [  9.41700000e+003   2.16285568e-076]
 [  9.41900000e+003   8.45386082e-283]
 [  9.42000000e+003   4.89589109e-046]
 [  9.43200000e+003  -1.82222232e-109]
 [  9.43800000e+003  -4.20267469e-283]
 [  9.44100000e+003   6.75282240e-283]
 [  9.44300000e+003   3.01302108e-055]
 [  9.44800000e+003   6.34922541e-284]
 [  9.51400000e+003   8.15419998e-283]
 [  9.73900000e+003   3.08283942e-001]
 [  9.75300000e+003   8.40973533e-001]
 [  9.77500000e+003   1.82920362e-001]
 [  9.77900000e+003   4.73607647e-002]
 [  9.78200000e+003  -4.78648759e-002]
 [  9.79700000e+003   3.93251798e-001]
 [  9.80700000e+003   6.15977113e-001]
 [  9.81600000e+003   3.52688684e-002]
 [  9.81800000e+003   1.40180711e-001]
 [  9.82100000e+003   4.06294735e-003]
 [  1.00590000e+004   7.60063633e-073]
 [  1.01430000e+004   0.00000000e+000]
 [  1.01560000e+004  -1.03206402e-072]
 [  1.01570000e+004   3.41055166e-165]
 [  1.01780000e+004   1.28762265e-251]
 [  1.02270000e+004   0.00000000e+000]
 [  1.02340000e+004   9.69849041e-126]
 [  1.02410000e+004   1.39564543e-064]]
[[  3.18900000e+003   7.78898060e-085]
 [  3.20700000e+003   3.00111465e-084]
 [  3.21600000e+003   2.67215673e-084]
 [  3.23300000e+003  -3.71890666e-086]
 [  3.23900000e+003   7.49974492e-084]
 [  3.32300000e+003   4.19123936e-084]
 [  3.36600000e+003   2.19763694e-084]
 [  3.46700000e+003   2.08799021e-084]
 [  3.85400000e+003   2.14663193e-084]
 [  3.90600000e+003   1.70620795e-084]
 [  3.96100000e+003   1.00000000e+000]
 [  4.05700000e+003   6.82144519e-002]
 [  4.06400000e+003   1.49280785e-002]
 [  4.06800000e+003  -1.08417644e-002]
 [  4.07200000e+003  -2.04071640e-002]
 [  4.07600000e+003   4.05286978e-002]
 [  4.13200000e+003   2.84978634e-002]
 [  4.15200000e+003   4.30202566e-003]
 [  4.25200000e+003  -2.07423982e-002]
 [  4.35400000e+003   9.45266876e-003]
 [  4.68100000e+003   0.00000000e+000]
 [  4.86900000e+003   9.99659195e-001]
 [  4.99900000e+003   0.00000000e+000]
 [  5.00000000e+003  -9.45482420e-077]
 [  5.04400000e+003   0.00000000e+000]
 [  5.07600000e+003   2.42897542e-077]
 [  5.07800000e+003   0.00000000e+000]
 [  5.12300000e+003   0.00000000e+000]
 [  5.16100000e+003   0.00000000e+000]
 [  5.17100000e+003  -9.69488770e-077]
 [  5.32400000e+003   0.00000000e+000]
 [  5.91400000e+003  -2.51934239e-069]
 [  5.91500000e+003   5.94088202e-063]
 [  5.95900000e+003   0.00000000e+000]
 [  6.05700000e+003  -2.65405819e-070]
 [  6.05800000e+003   0.00000000e+000]
 [  6.09700000e+003  -2.51934239e-069]
 [  6.16300000e+003  -6.57003129e-037]
 [  6.16600000e+003   0.00000000e+000]
 [  6.18500000e+003   0.00000000e+000]
 [  6.42500000e+003  -7.34189282e-039]
 [  7.06200000e+003   2.11324842e-049]
 [  7.14900000e+003  -8.43471116e-049]
 [  7.20200000e+003  -1.55630197e-049]
 [  7.21200000e+003  -1.15879234e-049]
 [  7.23200000e+003  -1.09997387e-048]
 [  7.23500000e+003  -6.14187095e-049]
 [  7.24700000e+003  -2.65818599e-019]
 [  7.32000000e+003  -1.13970794e-018]
 [  7.75500000e+003  -8.08217208e-049]
 [  8.77900000e+003   1.66891301e-017]
 [  8.86000000e+003  -9.85951939e-017]
 [  8.86200000e+003  -1.46103204e-016]
 [  8.86500000e+003  -1.87025301e-017]
 [  8.90100000e+003  -1.54174876e-016]
 [  8.90300000e+003  -1.48451683e-016]
 [  8.92900000e+003  -3.02082797e-017]
 [  8.93500000e+003  -4.67060196e-016]
 [  8.93900000e+003  -2.47357233e-016]
 [  9.41700000e+003   1.29761085e-097]
 [  9.41900000e+003   5.07191562e-304]
 [  9.42000000e+003  -6.94644242e-068]
 [  9.43200000e+003   4.08364751e-134]
 [  9.43800000e+003  -2.52140553e-304]
 [  9.44100000e+003   4.05137323e-304]
 [  9.44300000e+003  -6.78663152e-080]
 [  9.44800000e+003   3.80923418e-305]
 [  9.51400000e+003   4.89213333e-304]
 [  9.73900000e+003  -4.37402837e-023]
 [  9.75300000e+003  -1.19319938e-022]
 [  9.77500000e+003  -2.59533094e-023]
 [  9.77900000e+003  -6.71969248e-024]
 [  9.78200000e+003   6.79121733e-024]
 [  9.79700000e+003   4.69000712e-022]
 [  9.80700000e+003  -8.73967470e-023]
 [  9.81600000e+003  -5.00405665e-024]
 [  9.81800000e+003  -3.34946517e-023]
 [  9.82100000e+003  -5.76463596e-025]
 [  1.00590000e+004  -1.71218372e-097]
 [  1.01430000e+004   0.00000000e+000]
 [  1.01560000e+004   2.32491484e-097]
 [  1.01570000e+004  -7.64313479e-190]
 [  1.01780000e+004  -2.88559578e-276]
 [  1.02270000e+004   0.00000000e+000]
 [  1.02340000e+004  -2.17345687e-150]
 [  1.02410000e+004  -1.98018511e-086]]
[[  3.18900000e+003   8.68839901e-002]
 [  3.20700000e+003   3.34766293e-001]
 [  3.21600000e+003   2.98071918e-001]
 [  3.23300000e+003  -4.67946906e-003]
 [  3.23900000e+003   8.36576437e-001]
 [  3.32300000e+003   4.67521513e-001]
 [  3.36600000e+003   2.45140508e-001]
 [  3.46700000e+003   2.32909710e-001]
 [  3.85400000e+003   2.39451036e-001]
 [  3.90600000e+003   1.90322922e-001]
 [  3.96100000e+003  -4.04371357e-070]
 [  4.05700000e+003  -2.75839705e-071]
 [  4.06400000e+003  -6.03648736e-072]
 [  4.06800000e+003   4.38409897e-072]
 [  4.07200000e+003   8.25207261e-072]
 [  4.07600000e+003  -2.79897192e-072]
 [  4.13200000e+003  -1.15237197e-071]
 [  4.15200000e+003  -1.73961596e-072]
 [  4.25200000e+003   8.38763169e-072]
 [  4.35400000e+003   4.23354586e-072]
 [  4.68100000e+003   0.00000000e+000]
 [  4.86900000e+003  -4.04233545e-070]
 [  4.99900000e+003   0.00000000e+000]
 [  5.00000000e+003   2.24854084e-083]
 [  5.04400000e+003   0.00000000e+000]
 [  5.07600000e+003  -5.77593281e-084]
 [  5.07800000e+003   0.00000000e+000]
 [  5.12300000e+003   0.00000000e+000]
 [  5.16100000e+003   0.00000000e+000]
 [  5.17100000e+003   2.30537615e-083]
 [  5.32400000e+003   0.00000000e+000]
 [  5.91400000e+003   2.01120188e-070]
 [  5.91500000e+003   1.62273287e-024]
 [  5.95900000e+003   0.00000000e+000]
 [  6.05700000e+003   1.18078765e-078]
 [  6.05800000e+003   0.00000000e+000]
 [  6.09700000e+003   4.75506533e-025]
 [  6.16300000e+003   2.49771229e-095]
 [  6.16600000e+003   0.00000000e+000]
 [  6.18500000e+003   0.00000000e+000]
 [  6.42500000e+003   2.96885116e-108]
 [  7.06200000e+003  -4.99914855e-056]
 [  7.14900000e+003   1.99533447e-055]
 [  7.20200000e+003   3.68162335e-056]
 [  7.21200000e+003   2.74126554e-056]
 [  7.23200000e+003   2.60212322e-055]
 [  7.23500000e+003   1.45293497e-055]
 [  7.24700000e+003   1.15367004e-055]
 [  7.32000000e+003   1.94614274e-055]
 [  7.75500000e+003   1.91193702e-055]
 [  8.77900000e+003  -1.01188618e-092]
 [  8.86000000e+003   5.97796970e-092]
 [  8.86200000e+003  -6.09377580e-089]
 [  8.86500000e+003   1.13396154e-092]
 [  8.90100000e+003   2.44530299e-088]
 [  8.90300000e+003   9.00084101e-092]
 [  8.92900000e+003   1.83157184e-092]
 [  8.93500000e+003  -3.01900838e-087]
 [  8.93900000e+003  -1.16605254e-088]
 [  9.41700000e+003   1.44745011e-014]
 [  9.41900000e+003   5.65758588e-221]
 [  9.42000000e+003   3.06106648e-060]
 [  9.43200000e+003  -1.71549489e-133]
 [  9.43800000e+003  -2.81256026e-221]
 [  9.44100000e+003   4.51919821e-221]
 [  9.44300000e+003   2.83654866e-079]
 [  9.44800000e+003   4.24909859e-222]
 [  9.51400000e+003   5.45704355e-221]
 [  9.73900000e+003  -2.00881612e-063]
 [  9.75300000e+003  -5.47988709e-063]
 [  9.77500000e+003  -1.19193160e-063]
 [  9.77900000e+003  -3.08608574e-064]
 [  9.78200000e+003   3.11893425e-064]
 [  9.79700000e+003  -2.56247714e-063]
 [  9.80700000e+003  -4.01378271e-063]
 [  9.81600000e+003  -2.29546627e-064]
 [  9.81800000e+003  -9.13434772e-064]
 [  9.82100000e+003  -2.64746652e-065]
 [  1.00590000e+004   4.07145253e-104]
 [  1.01430000e+004   0.00000000e+000]
 [  1.01560000e+004  -5.52848406e-104]
 [  1.01570000e+004   1.82693903e-196]
 [  1.01780000e+004   6.89744155e-283]
 [  1.02270000e+004   0.00000000e+000]
 [  1.02340000e+004   5.19521545e-157]
 [  1.02410000e+004   2.16650829e-121]]
Latent Semantic for Actor

[[  2.31240100e+006   6.59308355e-001]
 [  3.81356200e+006   6.59308355e-001]
 [  2.36966400e+006   6.59308355e-001]
 [  3.77600000e+005   6.59308355e-001]
 [  2.66581600e+006   3.49364349e-001]
 [  2.68134800e+006   3.49364349e-001]
 [  2.55860500e+006   3.49364349e-001]
 [  2.63611000e+005   3.49364349e-001]
 [  3.89847100e+006   2.16648064e-001]
 [  1.02152600e+006   2.16648064e-001]
 [  1.89208700e+006   2.16648064e-001]
 [  1.26063100e+006   2.16648064e-001]
 [  3.83886100e+006   2.09426895e-001]
 [  3.61842800e+006   2.09426895e-001]
 [  5.15252000e+005   2.09426895e-001]
 [  1.46366900e+006   2.09426895e-001]
 [  2.13183900e+006   2.06326703e-001]
 [  3.59999300e+006   2.06326703e-001]
 [  2.32994900e+006   2.06326703e-001]
 [  6.02906000e+005   2.06326703e-001]
 [  3.22458000e+005   1.39092295e-001]
 [  7.20541000e+005   1.39092295e-001]
 [  9.52910000e+005   1.39092295e-001]
 [  2.65541600e+006   1.39092295e-001]
 [  9.94570000e+004   4.26160626e-002]
 [  4.61637000e+005   4.26160626e-002]
 [  2.27758100e+006   4.26160626e-002]
 [  3.73028600e+006   4.26160626e-002]
 [  3.44736900e+006   2.63844283e-002]
 [  3.37313600e+006   2.63844283e-002]
 [  2.43089800e+006   2.63844283e-002]
 [  2.86795500e+006   2.63844283e-002]
 [  3.96877000e+005   7.14276879e-026]
 [  1.06974200e+006   7.14276879e-026]
 [  1.29079100e+006   1.53417127e-026]
 [  9.38435000e+005   1.53417127e-026]
 [  7.13207000e+005   1.53417127e-026]
 [  3.80717900e+006   1.53416733e-026]
 [  1.06141300e+006   1.53416733e-026]
 [  8.10424000e+005   1.53416733e-026]
 [  2.81607200e+006   1.46107057e-026]
 [  4.70697000e+005   1.46107057e-026]
 [  1.98379900e+006   1.46107057e-026]
 [  2.80570900e+006   4.64559173e-030]
 [  1.79328300e+006   2.32345566e-030]
 [  1.92954000e+006   2.32345566e-030]
 [  2.96154700e+006   2.32345566e-030]
 [  1.48382800e+006   2.32213607e-030]
 [  2.35519500e+006   2.32213607e-030]
 [  1.25370100e+006   2.32213607e-030]
 [  1.01498800e+006   1.98094064e-031]
 [  1.34234700e+006   1.98094064e-031]
 [  1.69804800e+006   1.98094064e-031]
 [  3.42617600e+006   1.98094064e-031]
 [  2.83459000e+005   1.17694920e-031]
 [  3.13166000e+005   1.17694920e-031]
 [  5.42238000e+005   1.17694920e-031]
 [  8.61346000e+005   1.17694920e-031]
 [  1.90736800e+006   2.74504525e-032]
 [  1.28645000e+005   2.74504525e-032]
 [  3.16365000e+005   2.74504525e-032]
 [  3.90026900e+006   2.74504525e-032]
 [  2.77808000e+005   1.24930381e-032]
 [  6.30173000e+005   1.24930381e-032]
 [  2.90614000e+005   1.24930381e-032]
 [  3.43108900e+006   1.24930381e-032]
 [  5.11361000e+005   1.38924506e-040]
 [  1.07266800e+006   1.38924506e-040]
 [  3.47129400e+006   1.38924506e-040]
 [  4.58990000e+004   7.39552428e-043]
 [  1.39578900e+006   7.39552428e-043]
 [  1.29213500e+006   7.39552428e-043]
 [  2.33895900e+006   7.68166070e-045]
 [  3.78841300e+006   7.68166070e-045]
 [  3.01735900e+006   7.68166070e-045]
 [  2.27510500e+006   7.68166070e-045]
 [  1.04951200e+006   1.77290105e-060]
 [  9.65850000e+004   1.77290105e-060]
 [  1.72359000e+005   1.77290105e-060]
 [  4.55857000e+005   1.77290105e-060]
 [  3.95152400e+006   3.15534729e-064]
 [  3.54474200e+006   3.15534729e-064]
 [  1.80844200e+006   3.15534729e-064]
 [  7.02631000e+005   1.39396769e-079]
 [  6.21487000e+005   1.39396769e-079]
 [  2.53224100e+006   1.39396769e-079]
 [  6.65569000e+005   4.15249207e-114]
 [  7.24992000e+005   4.15249207e-114]
 [  2.76998800e+006   4.15249207e-114]
 [  8.37734000e+005   6.26059592e-123]
 [  3.07696400e+006   6.26059592e-123]
 [  2.49555900e+006   6.26059592e-123]
 [  3.61970200e+006   3.49873980e-123]
 [  2.78679000e+005   3.49873980e-123]
 [  2.87524900e+006   3.49873980e-123]
 [  7.18017000e+005   3.49873980e-123]
 [  3.51312800e+006   2.50525403e-123]
 [  2.14599300e+006   2.50525403e-123]
 [  6.07316000e+005   2.50525403e-123]
 [  3.42628700e+006   2.50525403e-123]
 [  9.51580000e+005   2.23064833e-123]
 [  5.81911000e+005   2.23064833e-123]
 [  5.23435000e+005   2.23064833e-123]
 [  3.41353100e+006   2.23064833e-123]
 [  2.42789600e+006   1.83453131e-123]
 [  2.49435900e+006   1.83453131e-123]
 [  2.55725300e+006   1.83453131e-123]
 [  3.40598500e+006   1.79195363e-123]
 [  2.07654000e+006   1.79195363e-123]
 [  1.73926500e+006   1.79195363e-123]
 [  1.35191300e+006   1.79195363e-123]
 [  1.76083100e+006   1.74300102e-123]
 [  1.48018500e+006   1.74300102e-123]
 [  1.16704800e+006   1.74300102e-123]
 [  2.38391000e+005   1.74300102e-123]
 [  2.45226700e+006   1.42429892e-123]
 [  2.43364000e+006   1.42429892e-123]
 [  1.06030400e+006   1.42429892e-123]
 [  1.76121900e+006   1.42429892e-123]
 [  3.82502300e+006   6.50204249e-124]
 [  3.64944700e+006   6.50204249e-124]
 [  2.04962700e+006   6.50204249e-124]
 [  1.07258400e+006   6.50204249e-124]
 [  2.82371100e+006   2.85965755e-149]
 [  1.58476300e+006   7.91417506e-153]
 [  2.47263500e+006   7.91417506e-153]
 [  2.87032300e+006   7.91417506e-153]
 [  2.75765800e+006   2.07336940e-170]
 [  2.65486900e+006   2.07336940e-170]
 [  3.81162600e+006   2.07336940e-170]
 [  2.61345400e+006   3.24999948e-293]
 [  2.73192300e+006   3.24999948e-293]
 [  3.56860700e+006   3.24999948e-293]
 [  7.19241000e+005   3.24999948e-293]
 [  1.72631800e+006   1.93114331e-293]
 [  1.27353100e+006   1.93114331e-293]
 [  3.25735800e+006   1.93114331e-293]
 [  2.80515400e+006   1.93114331e-293]
 [  2.99107900e+006   1.68705732e-293]
 [  6.92749000e+005   1.68705732e-293]
 [  6.23809000e+005   1.68705732e-293]
 [  1.78380000e+004   1.68705732e-293]
 [  7.55967000e+005   1.45157717e-293]
 [  2.28426900e+006   1.45157717e-293]
 [  2.89976600e+006   1.45157717e-293]
 [  3.12168400e+006   1.45157717e-293]
 [  8.30152000e+005   0.00000000e+000]
 [  2.27625500e+006   0.00000000e+000]
 [  8.72868000e+005   0.00000000e+000]
 [  4.85553000e+005   0.00000000e+000]
 [  1.40545800e+006   0.00000000e+000]
 [  2.60557100e+006   0.00000000e+000]
 [  2.40831100e+006   0.00000000e+000]
 [  2.99717100e+006   0.00000000e+000]
 [  2.74676700e+006   0.00000000e+000]
 [  1.83984800e+006   0.00000000e+000]
 [  1.33513700e+006   0.00000000e+000]
 [  4.98094000e+005   0.00000000e+000]
 [  1.22983800e+006   0.00000000e+000]
 [  2.05501600e+006   0.00000000e+000]
 [  3.46419900e+006   0.00000000e+000]
 [  3.12095100e+006   0.00000000e+000]
 [  1.85612900e+006   0.00000000e+000]
 [  5.20603000e+005   0.00000000e+000]
 [  1.81760200e+006   0.00000000e+000]
 [  2.39268300e+006   0.00000000e+000]
 [  1.95387500e+006   0.00000000e+000]
 [  1.30913700e+006   0.00000000e+000]
 [  1.29772000e+006   0.00000000e+000]
 [  3.37364400e+006   0.00000000e+000]
 [  3.19152200e+006   0.00000000e+000]
 [  1.15804000e+006   0.00000000e+000]
 [  6.18247000e+005   0.00000000e+000]
 [  2.25389000e+005   0.00000000e+000]
 [  7.33545000e+005   0.00000000e+000]
 [  7.49056000e+005   0.00000000e+000]
 [  1.74771900e+006   0.00000000e+000]
 [  2.16610900e+006   0.00000000e+000]
 [  2.41313300e+006   0.00000000e+000]
 [  2.68212900e+006   0.00000000e+000]
 [  2.81967900e+006   0.00000000e+000]
 [  2.47682900e+006   0.00000000e+000]
 [  3.52035000e+006   0.00000000e+000]
 [  3.50993600e+006   0.00000000e+000]
 [  1.85342500e+006   0.00000000e+000]
 [  4.16857000e+005   0.00000000e+000]
 [  1.21658200e+006   0.00000000e+000]
 [  2.74522800e+006   0.00000000e+000]
 [  2.17722700e+006   0.00000000e+000]
 [  1.54227900e+006   0.00000000e+000]
 [  3.78389700e+006   0.00000000e+000]
 [  3.31016200e+006   0.00000000e+000]
 [  2.08302400e+006   0.00000000e+000]
 [  3.50376000e+005   0.00000000e+000]
 [  1.78104200e+006   0.00000000e+000]
 [  2.34037700e+006   0.00000000e+000]
 [  3.90721000e+006   0.00000000e+000]
 [  4.99028000e+005   0.00000000e+000]
 [  2.10881500e+006   0.00000000e+000]
 [  6.51056000e+005   0.00000000e+000]
 [  3.13485800e+006   0.00000000e+000]
 [  3.42573400e+006   0.00000000e+000]
 [  1.76713000e+005  -6.99004076e-320]
 [  4.12301000e+005  -6.99004076e-320]
 [  2.67298300e+006  -6.99004076e-320]
 [  3.25191200e+006  -2.20045728e-239]
 [  4.86691000e+005  -2.20045728e-239]
 [  3.10310000e+005  -2.20045728e-239]
 [  3.19124000e+005  -1.44588744e-202]
 [  3.53746000e+005  -1.44588744e-202]
 [  2.70664600e+006  -1.44588744e-202]
 [  4.08123000e+005  -1.31777246e-165]
 [  4.62304000e+005  -1.31777246e-165]
 [  4.50680000e+005  -1.31777246e-165]
 [  2.67833200e+006  -5.82839485e-153]
 [  1.33985000e+005  -5.82839485e-153]
 [  9.25935000e+005  -5.82839485e-153]
 [  3.57145600e+006  -6.25465656e-130]
 [  1.32307000e+006  -6.25465656e-130]
 [  3.30146200e+006  -6.25465656e-130]
 [  6.06633000e+005  -3.50192327e-125]
 [  1.40200100e+006  -3.50192327e-125]
 [  3.37595900e+006  -3.50192327e-125]
 [  3.16857300e+006  -1.76338103e-119]
 [  4.06221000e+005  -1.76338103e-119]
 [  6.86710000e+004  -1.76338103e-119]
 [  1.20631500e+006  -1.61654374e-113]
 [  1.90051800e+006  -1.61654374e-113]
 [  1.34804100e+006  -1.61654374e-113]
 [  2.96355100e+006  -1.65740435e-113]
 [  2.52074300e+006  -1.65740435e-113]
 [  2.45419000e+006  -1.65740435e-113]
 [  3.86263000e+005  -1.78047367e-100]
 [  2.26052800e+006  -1.78047367e-100]
 [  7.21841000e+005  -1.78047367e-100]
 [  2.41111000e+006  -1.69009963e-099]
 [  1.68114600e+006  -1.69009963e-099]
 [  5.91435000e+005  -1.69009963e-099]
 [  3.11611400e+006  -1.69009963e-099]
 [  1.32995600e+006  -1.69009963e-099]
 [  3.89020300e+006  -1.69009963e-099]
 [  2.14968500e+006  -9.72164059e-061]
 [  2.47612500e+006  -9.72164059e-061]
 [  2.48147000e+006  -9.72164059e-061]
 [  2.19797800e+006  -9.72164059e-061]
 [  6.30676000e+005  -1.30565312e-060]
 [  6.65574000e+005  -1.30565312e-060]
 [  3.65057700e+006  -1.30565312e-060]
 [  2.08221200e+006  -1.30565312e-060]
 [  1.79245500e+006  -4.09120330e-060]
 [  2.43659900e+006  -4.09120330e-060]
 [  3.55898600e+006  -4.09120330e-060]
 [  3.39013000e+005  -5.15269730e-060]
 [  3.80563200e+006  -5.15269730e-060]
 [  1.37471900e+006  -5.15269730e-060]
 [  1.19019200e+006  -5.15269730e-060]
 [  8.78356000e+005  -6.78050494e-060]
 [  1.86088300e+006  -6.78050494e-060]
 [  2.94626400e+006  -6.78050494e-060]
 [  3.70490800e+006  -6.78050494e-060]
 [  2.77151000e+005  -6.90104460e-060]
 [  1.19839700e+006  -6.90104460e-060]
 [  3.63208800e+006  -6.90104460e-060]
 [  2.27402300e+006  -7.07626615e-060]
 [  2.25715000e+005  -7.07626615e-060]
 [  3.76370500e+006  -7.07626615e-060]
 [  2.64748100e+006  -7.07626615e-060]
 [  3.74743100e+006  -9.22818545e-060]
 [  6.15230000e+004  -9.22818545e-060]
 [  1.60636700e+006  -9.22818545e-060]
 [  3.76284300e+006  -9.22818545e-060]
 [  3.12142000e+005  -8.69396954e-046]
 [  7.82027000e+005  -8.69396954e-046]
 [  3.24981200e+006  -8.69396954e-046]
 [  6.08635000e+005  -5.66017305e-045]
 [  6.42688000e+005  -5.66017305e-045]
 [  9.01175000e+005  -5.66017305e-045]
 [  1.97819700e+006  -5.66017305e-045]
 [  3.36889400e+006  -7.60075773e-045]
 [  3.37981000e+005  -7.60075773e-045]
 [  2.80625500e+006  -7.60075773e-045]
 [  1.77131800e+006  -7.60075773e-045]
 [  7.15492000e+005  -2.93562268e-044]
 [  3.64840700e+006  -2.93562268e-044]
 [  3.09770300e+006  -2.93562268e-044]
 [  2.12586300e+006  -2.93562268e-044]
 [  3.78174400e+006  -4.94753741e-044]
 [  5.62270000e+005  -4.94753741e-044]
 [  8.31209000e+005  -4.94753741e-044]
 [  3.75676000e+006  -4.94753741e-044]
 [  3.29247600e+006  -6.31115578e-044]
 [  2.87165300e+006  -6.31115578e-044]
 [  4.58558000e+005  -6.31115578e-044]
 [  1.82312700e+006  -9.88559376e-044]
 [  1.65844100e+006  -9.88559376e-044]
 [  7.55909000e+005  -9.88559376e-044]
 [  1.76702600e+006  -9.88559376e-044]
 [  9.73296000e+005  -1.34964799e-043]
 [  1.63746700e+006  -1.34964799e-043]
 [  2.10205100e+006  -1.34964799e-043]
 [  3.01987900e+006  -1.34964799e-043]
 [  3.53718000e+005  -5.92621937e-032]
 [  1.67199100e+006  -5.92621937e-032]
 [  2.47205600e+006  -5.92621937e-032]
 [  3.33993900e+006  -5.92621937e-032]
 [  5.65786000e+005  -2.35440422e-002]
 [  9.87727000e+005  -2.35440422e-002]
 [  1.17003900e+006  -2.35440422e-002]
 [  2.68916400e+006  -2.35440422e-002]]
[[  3.74743100e+006   4.89380707e-001]
 [  6.15230000e+004   4.89380707e-001]
 [  3.76284300e+006   4.89380707e-001]
 [  1.60636700e+006   4.89380707e-001]
 [  2.27402300e+006   3.75262087e-001]
 [  3.76370500e+006   3.75262087e-001]
 [  2.64748100e+006   3.75262087e-001]
 [  2.25715000e+005   3.75262087e-001]
 [  5.42238000e+005   3.66010610e-001]
 [  1.19839700e+006   3.66010610e-001]
 [  2.77151000e+005   3.66010610e-001]
 [  3.63208800e+006   3.66010610e-001]
 [  3.70490800e+006   3.59577548e-001]
 [  8.78356000e+005   3.59577548e-001]
 [  1.86088300e+006   3.59577548e-001]
 [  2.94626400e+006   3.59577548e-001]
 [  3.80563200e+006   2.73253140e-001]
 [  1.37471900e+006   2.73253140e-001]
 [  1.19019200e+006   2.73253140e-001]
 [  3.39013000e+005   2.73253140e-001]
 [  2.43659900e+006   2.16970454e-001]
 [  3.55898600e+006   2.16970454e-001]
 [  1.79245500e+006   2.16970454e-001]
 [  1.90736800e+006   2.16970454e-001]
 [  6.65574000e+005   6.92402042e-002]
 [  2.08221200e+006   6.92402042e-002]
 [  3.65057700e+006   6.92402042e-002]
 [  6.30676000e+005   6.92402042e-002]
 [  2.48147000e+006   5.15549169e-002]
 [  2.19797800e+006   5.15549169e-002]
 [  2.14968500e+006   5.15549169e-002]
 [  2.47612500e+006   5.15549169e-002]
 [  2.10205100e+006   6.54236493e-018]
 [  3.01987900e+006   6.54236493e-018]
 [  9.73296000e+005   6.54236493e-018]
 [  1.63746700e+006   6.54236493e-018]
 [  1.82312700e+006   4.79200225e-018]
 [  1.76702600e+006   4.79200225e-018]
 [  1.65844100e+006   4.79200225e-018]
 [  7.55909000e+005   4.79200225e-018]
 [  1.79328300e+006   3.05930766e-018]
 [  4.58558000e+005   3.05930766e-018]
 [  2.87165300e+006   3.05930766e-018]
 [  3.29247600e+006   3.05930766e-018]
 [  5.62270000e+005   2.39829908e-018]
 [  3.75676000e+006   2.39829908e-018]
 [  3.78174400e+006   2.39829908e-018]
 [  8.31209000e+005   2.39829908e-018]
 [  3.64840700e+006   1.42303142e-018]
 [  3.09770300e+006   1.42303142e-018]
 [  2.12586300e+006   1.42303142e-018]
 [  7.15492000e+005   1.42303142e-018]
 [  4.58990000e+004   1.09053773e-018]
 [  2.31240100e+006   1.09053773e-018]
 [  1.29213500e+006   1.09053773e-018]
 [  1.39578900e+006   1.09053773e-018]
 [  3.37981000e+005   3.68443707e-019]
 [  2.80625500e+006   3.68443707e-019]
 [  3.36889400e+006   3.68443707e-019]
 [  1.77131800e+006   3.68443707e-019]
 [  6.42688000e+005   2.74374637e-019]
 [  6.08635000e+005   2.74374637e-019]
 [  1.97819700e+006   2.74374637e-019]
 [  9.01175000e+005   2.74374637e-019]
 [  3.12142000e+005   4.21436715e-020]
 [  3.24981200e+006   4.21436715e-020]
 [  7.82027000e+005   4.21436715e-020]
 [  3.13166000e+005   2.80337827e-035]
 [  2.83459000e+005   2.80337827e-035]
 [  8.61346000e+005   2.80337827e-035]
 [  3.16365000e+005   1.66183777e-035]
 [  3.90026900e+006   1.66183777e-035]
 [  1.28645000e+005   1.66183777e-035]
 [  3.89020300e+006   9.43042772e-044]
 [  1.32995600e+006   9.43042772e-044]
 [  2.41111000e+006   9.43042772e-044]
 [  5.91435000e+005   9.43042772e-044]
 [  1.68114600e+006   9.43042772e-044]
 [  3.11611400e+006   9.43042772e-044]
 [  2.26052800e+006   9.93469728e-045]
 [  7.21841000e+005   9.93469728e-045]
 [  3.86263000e+005   9.93469728e-045]
 [  2.52074300e+006   8.83512153e-055]
 [  2.96355100e+006   8.83512153e-055]
 [  2.45419000e+006   8.83512153e-055]
 [  1.20631500e+006   8.61730596e-055]
 [  1.34804100e+006   8.61730596e-055]
 [  1.90051800e+006   8.61730596e-055]
 [  1.89208700e+006   3.79042408e-058]
 [  3.89847100e+006   3.78955509e-058]
 [  2.13183900e+006   3.61144869e-058]
 [  3.81356200e+006   3.11004612e-058]
 [  2.36966400e+006   3.11004612e-058]
 [  3.77600000e+005   3.11004612e-058]
 [  1.06141300e+006   2.76846976e-058]
 [  8.10424000e+005   2.76846976e-058]
 [  3.80717900e+006   2.76846976e-058]
 [  1.29079100e+006   2.76760077e-058]
 [  9.38435000e+005   2.76760077e-058]
 [  7.13207000e+005   2.76760077e-058]
 [  2.81607200e+006   2.63818143e-058]
 [  4.70697000e+005   2.63818143e-058]
 [  1.98379900e+006   2.63818143e-058]
 [  2.68134800e+006   1.64799261e-058]
 [  2.63611000e+005   1.64799261e-058]
 [  2.55860500e+006   1.64799261e-058]
 [  1.26063100e+006   1.02195432e-058]
 [  1.02152600e+006   1.02195432e-058]
 [  1.46366900e+006   9.87891224e-059]
 [  5.15252000e+005   9.87891224e-059]
 [  3.61842800e+006   9.87891224e-059]
 [  3.83886100e+006   9.87891224e-059]
 [  6.02906000e+005   9.73267255e-059]
 [  2.32994900e+006   9.73267255e-059]
 [  3.59999300e+006   9.73267255e-059]
 [  2.65541600e+006   6.56114668e-059]
 [  7.20541000e+005   6.56114668e-059]
 [  3.22458000e+005   6.56114668e-059]
 [  9.52910000e+005   6.56114668e-059]
 [  2.27758100e+006   2.01024965e-059]
 [  9.94570000e+004   2.01024965e-059]
 [  4.61637000e+005   2.01024965e-059]
 [  3.73028600e+006   2.01024965e-059]
 [  2.43089800e+006   1.24458443e-059]
 [  2.86795500e+006   1.24458443e-059]
 [  3.44736900e+006   1.24458443e-059]
 [  3.37313600e+006   1.24458443e-059]
 [  6.86710000e+004   9.40005116e-061]
 [  4.06221000e+005   9.40005116e-061]
 [  3.16857300e+006   9.40005116e-061]
 [  1.67199100e+006   1.30685099e-061]
 [  3.33993900e+006   1.30685099e-061]
 [  2.47205600e+006   1.30685099e-061]
 [  3.53718000e+005   1.30685099e-061]
 [  2.67833200e+006   3.10694109e-094]
 [  1.33985000e+005   3.10694109e-094]
 [  9.25935000e+005   3.10694109e-094]
 [  6.06633000e+005   1.74469027e-099]
 [  3.37595900e+006   1.74469027e-099]
 [  1.40200100e+006   1.74469027e-099]
 [  3.19124000e+005   7.70758881e-144]
 [  2.70664600e+006   7.70758881e-144]
 [  3.53746000e+005   7.70758881e-144]
 [  3.10310000e+005   1.17299725e-180]
 [  4.86691000e+005   1.17299725e-180]
 [  3.25191200e+006   1.17299725e-180]
 [  2.67298300e+006   3.72606361e-261]
 [  1.76713000e+005   3.72606361e-261]
 [  4.12301000e+005   3.72606361e-261]
 [  8.72868000e+005   1.00460652e-286]
 [  2.41313300e+006   1.00460652e-286]
 [  2.68212900e+006   1.00460652e-286]
 [  2.81967900e+006   1.00460652e-286]
 [  2.80515400e+006   9.88131292e-324]
 [  1.72631800e+006   9.88131292e-324]
 [  3.25735800e+006   9.88131292e-324]
 [  3.56860700e+006   9.88131292e-324]
 [  2.73192300e+006   9.88131292e-324]
 [  2.61345400e+006   9.88131292e-324]
 [  7.19241000e+005   9.88131292e-324]
 [  1.27353100e+006   9.88131292e-324]
 [  6.92749000e+005   4.94065646e-324]
 [  2.99107900e+006   4.94065646e-324]
 [  1.78380000e+004   4.94065646e-324]
 [  6.23809000e+005   4.94065646e-324]
 [  3.12168400e+006   4.94065646e-324]
 [  7.55967000e+005   4.94065646e-324]
 [  2.89976600e+006   4.94065646e-324]
 [  2.28426900e+006   4.94065646e-324]
 [  8.30152000e+005   0.00000000e+000]
 [  3.31016200e+006   0.00000000e+000]
 [  1.81760200e+006   0.00000000e+000]
 [  2.39268300e+006   0.00000000e+000]
 [  1.95387500e+006   0.00000000e+000]
 [  1.30913700e+006   0.00000000e+000]
 [  1.29772000e+006   0.00000000e+000]
 [  3.37364400e+006   0.00000000e+000]
 [  3.19152200e+006   0.00000000e+000]
 [  1.15804000e+006   0.00000000e+000]
 [  6.18247000e+005   0.00000000e+000]
 [  2.17722700e+006   0.00000000e+000]
 [  2.74522800e+006   0.00000000e+000]
 [  4.85553000e+005   0.00000000e+000]
 [  4.98094000e+005   0.00000000e+000]
 [  1.85612900e+006   0.00000000e+000]
 [  2.10881500e+006   0.00000000e+000]
 [  5.20603000e+005   0.00000000e+000]
 [  2.25389000e+005   0.00000000e+000]
 [  4.16857000e+005   0.00000000e+000]
 [  1.85342500e+006   0.00000000e+000]
 [  3.50993600e+006   0.00000000e+000]
 [  3.52035000e+006   0.00000000e+000]
 [  3.46419900e+006   0.00000000e+000]
 [  2.05501600e+006   0.00000000e+000]
 [  1.22983800e+006   0.00000000e+000]
 [  2.16610900e+006   0.00000000e+000]
 [  2.27625500e+006   0.00000000e+000]
 [  3.12095100e+006   0.00000000e+000]
 [  1.83984800e+006   0.00000000e+000]
 [  2.60557100e+006   0.00000000e+000]
 [  1.54227900e+006   0.00000000e+000]
 [  2.99717100e+006   0.00000000e+000]
 [  2.74676700e+006   0.00000000e+000]
 [  1.40545800e+006   0.00000000e+000]
 [  1.33513700e+006   0.00000000e+000]
 [  3.13485800e+006  -1.51771758e-287]
 [  6.51056000e+005  -1.51771758e-287]
 [  4.99028000e+005  -1.51771758e-287]
 [  3.42573400e+006  -1.51771758e-287]
 [  3.90721000e+006  -1.61419332e-286]
 [  2.34037700e+006  -1.61419332e-286]
 [  1.78104200e+006  -1.61419332e-286]
 [  1.21658200e+006  -1.61419332e-286]
 [  3.50376000e+005  -1.94917834e-286]
 [  2.47682900e+006  -1.94917834e-286]
 [  2.08302400e+006  -1.94917834e-286]
 [  3.78389700e+006  -1.94917834e-286]
 [  2.40831100e+006  -2.02080921e-286]
 [  1.74771900e+006  -2.02080921e-286]
 [  7.49056000e+005  -2.02080921e-286]
 [  7.33545000e+005  -2.02080921e-286]
 [  3.81162600e+006  -1.10525055e-111]
 [  2.75765800e+006  -1.10525055e-111]
 [  2.65486900e+006  -1.10525055e-111]
 [  4.62304000e+005  -9.67482512e-111]
 [  4.08123000e+005  -9.67482512e-111]
 [  4.50680000e+005  -9.67482512e-111]
 [  2.82371100e+006  -4.72304469e-106]
 [  3.82502300e+006  -3.23937717e-098]
 [  1.07258400e+006  -3.23937717e-098]
 [  3.64944700e+006  -3.23937717e-098]
 [  2.04962700e+006  -3.23937717e-098]
 [  1.76121900e+006  -7.09598775e-098]
 [  1.06030400e+006  -7.09598775e-098]
 [  2.45226700e+006  -7.09598775e-098]
 [  2.43364000e+006  -7.09598775e-098]
 [  1.48018500e+006  -8.68379083e-098]
 [  2.38391000e+005  -8.68379083e-098]
 [  1.16704800e+006  -8.68379083e-098]
 [  1.76083100e+006  -8.68379083e-098]
 [  3.40598500e+006  -8.92767723e-098]
 [  2.07654000e+006  -8.92767723e-098]
 [  1.73926500e+006  -8.92767723e-098]
 [  1.35191300e+006  -8.92767723e-098]
 [  2.55725300e+006  -9.13980312e-098]
 [  2.49435900e+006  -9.13980312e-098]
 [  2.42789600e+006  -9.13980312e-098]
 [  5.23435000e+005  -1.11132945e-097]
 [  5.81911000e+005  -1.11132945e-097]
 [  9.51580000e+005  -1.11132945e-097]
 [  3.41353100e+006  -1.11132945e-097]
 [  6.07316000e+005  -1.24814052e-097]
 [  2.14599300e+006  -1.24814052e-097]
 [  3.51312800e+006  -1.24814052e-097]
 [  3.42628700e+006  -1.24814052e-097]
 [  7.18017000e+005  -1.74310424e-097]
 [  2.78679000e+005  -1.74310424e-097]
 [  2.87524900e+006  -1.74310424e-097]
 [  3.61970200e+006  -1.74310424e-097]
 [  2.49555900e+006  -3.11908627e-097]
 [  8.37734000e+005  -3.11908627e-097]
 [  3.07696400e+006  -3.11908628e-097]
 [  2.87032300e+006  -4.21880747e-094]
 [  2.47263500e+006  -4.21880747e-094]
 [  1.58476300e+006  -4.21880747e-094]
 [  1.80844200e+006  -1.01298251e-078]
 [  3.54474200e+006  -1.01298251e-078]
 [  3.95152400e+006  -1.01298251e-078]
 [  3.57145600e+006  -1.63898334e-077]
 [  1.32307000e+006  -1.63898334e-077]
 [  3.30146200e+006  -1.63898334e-077]
 [  2.77808000e+005  -2.75496706e-062]
 [  2.90614000e+005  -2.75496706e-062]
 [  6.30173000e+005  -2.75496706e-062]
 [  3.43108900e+006  -2.75496706e-062]
 [  1.01498800e+006  -4.36837394e-061]
 [  1.34234700e+006  -4.36837394e-061]
 [  1.69804800e+006  -4.36837394e-061]
 [  3.42617600e+006  -4.36837394e-061]
 [  3.47129400e+006  -1.22976617e-060]
 [  1.07266800e+006  -1.22976617e-060]
 [  5.11361000e+005  -1.22976617e-060]
 [  2.53224100e+006  -1.22976617e-060]
 [  7.02631000e+005  -1.22976617e-060]
 [  6.21487000e+005  -1.22976617e-060]
 [  1.25370100e+006  -5.12077873e-060]
 [  1.48382800e+006  -5.12077873e-060]
 [  2.35519500e+006  -5.12077873e-060]
 [  2.68916400e+006  -1.11060008e-059]
 [  1.17003900e+006  -1.11060008e-059]
 [  9.87727000e+005  -1.11060008e-059]
 [  5.65786000e+005  -1.11060008e-059]
 [  6.65569000e+005  -2.21356799e-055]
 [  7.24992000e+005  -2.21356799e-055]
 [  2.76998800e+006  -2.21356799e-055]
 [  2.66581600e+006  -4.88792722e-052]
 [  1.06974200e+006  -4.88792887e-052]
 [  3.96877000e+005  -4.88792887e-052]
 [  1.92954000e+006  -1.37122425e-051]
 [  2.96154700e+006  -1.37122425e-051]
 [  2.80570900e+006  -1.37122425e-051]
 [  3.78841300e+006  -3.72365446e-019]
 [  3.01735900e+006  -3.72365446e-019]
 [  2.27510500e+006  -3.72365446e-019]
 [  2.33895900e+006  -3.72365446e-019]
 [  9.65850000e+004  -9.40188700e-002]
 [  1.72359000e+005  -9.40188700e-002]
 [  1.04951200e+006  -9.40188700e-002]
 [  4.55857000e+005  -9.40188700e-002]]
[[  2.10205100e+006   6.02735755e-001]
 [  1.63746700e+006   6.02735755e-001]
 [  9.73296000e+005   6.02735755e-001]
 [  3.01987900e+006   6.02735755e-001]
 [  1.65844100e+006   4.41478139e-001]
 [  7.55909000e+005   4.41478139e-001]
 [  1.82312700e+006   4.41478139e-001]
 [  1.76702600e+006   4.41478139e-001]
 [  2.87165300e+006   2.81848251e-001]
 [  3.29247600e+006   2.81848251e-001]
 [  1.79328300e+006   2.81848251e-001]
 [  4.58558000e+005   2.81848251e-001]
 [  3.75676000e+006   2.20950776e-001]
 [  8.31209000e+005   2.20950776e-001]
 [  5.62270000e+005   2.20950776e-001]
 [  3.78174400e+006   2.20950776e-001]
 [  2.12586300e+006   1.31101204e-001]
 [  3.64840700e+006   1.31101204e-001]
 [  3.09770300e+006   1.31101204e-001]
 [  7.15492000e+005   1.31101204e-001]
 [  2.31240100e+006   1.00469186e-001]
 [  4.58990000e+004   1.00469186e-001]
 [  1.29213500e+006   1.00469186e-001]
 [  1.39578900e+006   1.00469186e-001]
 [  3.36889400e+006   3.39440246e-002]
 [  2.80625500e+006   3.39440246e-002]
 [  3.37981000e+005   3.39440246e-002]
 [  1.77131800e+006   3.39440246e-002]
 [  6.08635000e+005   2.52776184e-002]
 [  1.97819700e+006   2.52776184e-002]
 [  9.01175000e+005   2.52776184e-002]
 [  6.42688000e+005   2.52776184e-002]
 [  3.12142000e+005   3.88261706e-003]
 [  3.24981200e+006   3.88261706e-003]
 [  7.82027000e+005   3.88261706e-003]
 [  2.66581600e+006   5.80664147e-019]
 [  3.96877000e+005   5.80664147e-019]
 [  1.06974200e+006   5.80664147e-019]
 [  3.33993900e+006   5.71279580e-019]
 [  2.47205600e+006   5.71279580e-019]
 [  1.67199100e+006   5.71279580e-019]
 [  3.53718000e+005   5.71279580e-019]
 [  2.13183900e+006   3.03505111e-019]
 [  4.70697000e+005   3.03505111e-019]
 [  1.98379900e+006   3.03505111e-019]
 [  2.81607200e+006   3.03505111e-019]
 [  9.65850000e+004   2.96534597e-033]
 [  1.04951200e+006   2.96534597e-033]
 [  1.72359000e+005   2.96534597e-033]
 [  4.55857000e+005   2.96534597e-033]
 [  3.81356200e+006   7.75015061e-044]
 [  3.77600000e+005   7.75015061e-044]
 [  2.36966400e+006   7.75015061e-044]
 [  2.68134800e+006   4.10125613e-044]
 [  2.55860500e+006   4.10125613e-044]
 [  2.63611000e+005   4.10125613e-044]
 [  1.02152600e+006   2.54327194e-044]
 [  1.26063100e+006   2.54327194e-044]
 [  5.15252000e+005   2.45850269e-044]
 [  1.46366900e+006   2.45850269e-044]
 [  3.83886100e+006   2.45850269e-044]
 [  3.61842800e+006   2.45850269e-044]
 [  3.59999300e+006   2.42210930e-044]
 [  2.32994900e+006   2.42210930e-044]
 [  6.02906000e+005   2.42210930e-044]
 [  2.65541600e+006   1.63283126e-044]
 [  9.52910000e+005   1.63283126e-044]
 [  7.20541000e+005   1.63283126e-044]
 [  3.22458000e+005   1.63283126e-044]
 [  2.27758100e+006   5.00278173e-045]
 [  9.94570000e+004   5.00278173e-045]
 [  4.61637000e+005   5.00278173e-045]
 [  3.73028600e+006   5.00278173e-045]
 [  2.43089800e+006   3.09731890e-045]
 [  2.86795500e+006   3.09731890e-045]
 [  3.37313600e+006   3.09731890e-045]
 [  3.44736900e+006   3.09731890e-045]
 [  6.21487000e+005   2.03715761e-077]
 [  7.02631000e+005   2.03715761e-077]
 [  2.53224100e+006   2.03715761e-077]
 [  3.47129400e+006   2.03637194e-077]
 [  1.07266800e+006   2.03637194e-077]
 [  5.11361000e+005   2.03637194e-077]
 [  7.24992000e+005   6.98157180e-087]
 [  2.76998800e+006   6.98157180e-087]
 [  6.65569000e+005   6.98157180e-087]
 [  3.57145600e+006   5.56904825e-087]
 [  3.30146200e+006   5.56904825e-087]
 [  1.32307000e+006   5.56904825e-087]
 [  3.37595900e+006   7.01048309e-098]
 [  1.40200100e+006   7.01048309e-098]
 [  6.06633000e+005   7.01048309e-098]
 [  2.82371100e+006   1.43191665e-115]
 [  4.50680000e+005   1.17348174e-122]
 [  4.62304000e+005   1.17348174e-122]
 [  4.08123000e+005   1.17348174e-122]
 [  2.87032300e+006   1.33060562e-125]
 [  1.58476300e+006   1.33060562e-125]
 [  2.47263500e+006   1.33060562e-125]
 [  2.65486900e+006   3.48586112e-143]
 [  2.75765800e+006   3.48586112e-143]
 [  3.81162600e+006   3.48586112e-143]
 [  7.33545000e+005   6.12656352e-296]
 [  7.49056000e+005   6.12656352e-296]
 [  2.40831100e+006   6.12656352e-296]
 [  1.74771900e+006   6.12656352e-296]
 [  3.78389700e+006   5.90939751e-296]
 [  2.47682900e+006   5.90939751e-296]
 [  2.08302400e+006   5.90939751e-296]
 [  3.50376000e+005   5.90939751e-296]
 [  1.21658200e+006   4.89381079e-296]
 [  1.78104200e+006   4.89381079e-296]
 [  2.34037700e+006   4.89381079e-296]
 [  3.90721000e+006   4.89381079e-296]
 [  3.42573400e+006   4.60132165e-297]
 [  3.13485800e+006   4.60132165e-297]
 [  4.99028000e+005   4.60132165e-297]
 [  6.51056000e+005   4.60132165e-297]
 [  2.99717100e+006   0.00000000e+000]
 [  1.78380000e+004   0.00000000e+000]
 [  4.98094000e+005   0.00000000e+000]
 [  2.60557100e+006   0.00000000e+000]
 [  1.27353100e+006   0.00000000e+000]
 [  1.72631800e+006   0.00000000e+000]
 [  2.80515400e+006   0.00000000e+000]
 [  3.25735800e+006   0.00000000e+000]
 [  6.23809000e+005   0.00000000e+000]
 [  2.61345400e+006   0.00000000e+000]
 [  6.92749000e+005   0.00000000e+000]
 [  2.99107900e+006   0.00000000e+000]
 [  1.40545800e+006   0.00000000e+000]
 [  8.30152000e+005   0.00000000e+000]
 [  7.19241000e+005   0.00000000e+000]
 [  4.85553000e+005   0.00000000e+000]
 [  1.22983800e+006   0.00000000e+000]
 [  1.30913700e+006   0.00000000e+000]
 [  2.74676700e+006   0.00000000e+000]
 [  1.83984800e+006   0.00000000e+000]
 [  3.56860700e+006   0.00000000e+000]
 [  2.16610900e+006   0.00000000e+000]
 [  2.10881500e+006   0.00000000e+000]
 [  5.20603000e+005   0.00000000e+000]
 [  2.25389000e+005   0.00000000e+000]
 [  3.46419900e+006   0.00000000e+000]
 [  2.05501600e+006   0.00000000e+000]
 [  6.18247000e+005   0.00000000e+000]
 [  1.15804000e+006   0.00000000e+000]
 [  3.19152200e+006   0.00000000e+000]
 [  3.37364400e+006   0.00000000e+000]
 [  1.29772000e+006   0.00000000e+000]
 [  1.95387500e+006   0.00000000e+000]
 [  2.39268300e+006   0.00000000e+000]
 [  1.81760200e+006   0.00000000e+000]
 [  1.85612900e+006   0.00000000e+000]
 [  2.27625500e+006   0.00000000e+000]
 [  3.12095100e+006   0.00000000e+000]
 [  1.33513700e+006   0.00000000e+000]
 [  2.73192300e+006   0.00000000e+000]
 [  3.12168400e+006   0.00000000e+000]
 [  7.55967000e+005   0.00000000e+000]
 [  2.28426900e+006   0.00000000e+000]
 [  3.52035000e+006   0.00000000e+000]
 [  3.50993600e+006   0.00000000e+000]
 [  1.85342500e+006   0.00000000e+000]
 [  4.16857000e+005   0.00000000e+000]
 [  3.31016200e+006   0.00000000e+000]
 [  2.74522800e+006   0.00000000e+000]
 [  2.17722700e+006   0.00000000e+000]
 [  1.54227900e+006   0.00000000e+000]
 [  2.89976600e+006   0.00000000e+000]
 [  2.41313300e+006  -3.04570349e-296]
 [  2.68212900e+006  -3.04570349e-296]
 [  2.81967900e+006  -3.04570349e-296]
 [  8.72868000e+005  -3.04570349e-296]
 [  2.67298300e+006  -1.17519494e-292]
 [  4.12301000e+005  -1.17519494e-292]
 [  1.76713000e+005  -1.17519494e-292]
 [  3.10310000e+005  -3.69961593e-212]
 [  3.25191200e+006  -3.69961593e-212]
 [  4.86691000e+005  -3.69961593e-212]
 [  2.70664600e+006  -2.43096208e-175]
 [  3.19124000e+005  -2.43096208e-175]
 [  3.53746000e+005  -2.43096208e-175]
 [  2.67833200e+006  -9.79924613e-126]
 [  9.25935000e+005  -9.79924613e-126]
 [  1.33985000e+005  -9.79924613e-126]
 [  1.07258400e+006  -1.30164071e-096]
 [  3.82502300e+006  -1.30164071e-096]
 [  3.64944700e+006  -1.30164071e-096]
 [  2.04962700e+006  -1.30164071e-096]
 [  1.06030400e+006  -2.85129704e-096]
 [  1.76121900e+006  -2.85129704e-096]
 [  2.43364000e+006  -2.85129704e-096]
 [  2.45226700e+006  -2.85129704e-096]
 [  1.16704800e+006  -3.48930522e-096]
 [  1.76083100e+006  -3.48930522e-096]
 [  1.48018500e+006  -3.48930522e-096]
 [  2.38391000e+005  -3.48930522e-096]
 [  3.40598500e+006  -3.58730322e-096]
 [  2.07654000e+006  -3.58730322e-096]
 [  1.73926500e+006  -3.58730322e-096]
 [  1.35191300e+006  -3.58730322e-096]
 [  2.42789600e+006  -3.67253926e-096]
 [  2.55725300e+006  -3.67253926e-096]
 [  2.49435900e+006  -3.67253926e-096]
 [  5.23435000e+005  -4.46552400e-096]
 [  5.81911000e+005  -4.46552400e-096]
 [  9.51580000e+005  -4.46552400e-096]
 [  3.41353100e+006  -4.46552400e-096]
 [  2.14599300e+006  -5.01525580e-096]
 [  3.51312800e+006  -5.01525580e-096]
 [  6.07316000e+005  -5.01525580e-096]
 [  3.42628700e+006  -5.01525580e-096]
 [  3.61970200e+006  -7.00411012e-096]
 [  2.87524900e+006  -7.00411012e-096]
 [  7.18017000e+005  -7.00411012e-096]
 [  2.78679000e+005  -7.00411012e-096]
 [  3.07696400e+006  -1.25330564e-095]
 [  8.37734000e+005  -1.25330564e-095]
 [  2.49555900e+006  -1.25330564e-095]
 [  4.06221000e+005  -2.96469185e-092]
 [  3.16857300e+006  -2.96469185e-092]
 [  6.86710000e+004  -2.96469185e-092]
 [  3.54474200e+006  -8.41738974e-089]
 [  3.95152400e+006  -8.41738974e-089]
 [  1.80844200e+006  -8.41738974e-089]
 [  1.20631500e+006  -2.71788988e-086]
 [  1.34804100e+006  -2.71788988e-086]
 [  1.90051800e+006  -2.71788988e-086]
 [  2.96355100e+006  -2.78658870e-086]
 [  2.52074300e+006  -2.78658870e-086]
 [  2.45419000e+006  -2.78658870e-086]
 [  3.86263000e+005  -3.13339383e-076]
 [  7.21841000e+005  -3.13339383e-076]
 [  2.26052800e+006  -3.13339383e-076]
 [  1.32995600e+006  -2.97434770e-075]
 [  3.11611400e+006  -2.97434770e-075]
 [  2.41111000e+006  -2.97434770e-075]
 [  5.91435000e+005  -2.97434770e-075]
 [  3.89020300e+006  -2.97434770e-075]
 [  1.68114600e+006  -2.97434770e-075]
 [  5.65786000e+005  -2.76388050e-045]
 [  2.68916400e+006  -2.76388050e-045]
 [  1.17003900e+006  -2.76388050e-045]
 [  9.87727000e+005  -2.76388050e-045]
 [  2.47612500e+006  -1.62603704e-033]
 [  2.48147000e+006  -1.62603704e-033]
 [  2.19797800e+006  -1.62603704e-033]
 [  2.14968500e+006  -1.62603704e-033]
 [  6.30676000e+005  -2.18382927e-033]
 [  6.65574000e+005  -2.18382927e-033]
 [  2.08221200e+006  -2.18382927e-033]
 [  3.65057700e+006  -2.18382927e-033]
 [  3.55898600e+006  -6.84322692e-033]
 [  2.43659900e+006  -6.84322692e-033]
 [  1.79245500e+006  -6.84322692e-033]
 [  1.19019200e+006  -8.61837732e-033]
 [  3.39013000e+005  -8.61837732e-033]
 [  3.80563200e+006  -8.61837732e-033]
 [  1.37471900e+006  -8.61837732e-033]
 [  3.70490800e+006  -1.13410407e-032]
 [  2.94626400e+006  -1.13410407e-032]
 [  1.86088300e+006  -1.13410407e-032]
 [  8.78356000e+005  -1.13410407e-032]
 [  3.63208800e+006  -1.15439389e-032]
 [  1.19839700e+006  -1.15439389e-032]
 [  2.77151000e+005  -1.15439389e-032]
 [  2.64748100e+006  -1.18357295e-032]
 [  3.76370500e+006  -1.18357295e-032]
 [  2.27402300e+006  -1.18357295e-032]
 [  2.25715000e+005  -1.18357295e-032]
 [  1.60636700e+006  -1.54350197e-032]
 [  6.15230000e+004  -1.54350197e-032]
 [  3.74743100e+006  -1.54350197e-032]
 [  3.76284300e+006  -1.54350197e-032]
 [  6.30173000e+005  -1.20431208e-019]
 [  2.77808000e+005  -1.20431208e-019]
 [  3.43108900e+006  -1.20431208e-019]
 [  2.90614000e+005  -1.20431208e-019]
 [  1.28645000e+005  -2.64618672e-019]
 [  3.90026900e+006  -2.64618672e-019]
 [  3.16365000e+005  -2.64618672e-019]
 [  1.90736800e+006  -2.64618672e-019]
 [  3.80717900e+006  -4.17897676e-019]
 [  1.89208700e+006  -4.17897676e-019]
 [  1.06141300e+006  -4.17897676e-019]
 [  8.10424000e+005  -4.17897676e-019]
 [  7.13207000e+005  -7.97771185e-019]
 [  9.38435000e+005  -7.97771185e-019]
 [  1.29079100e+006  -7.97771185e-019]
 [  3.89847100e+006  -7.97771185e-019]
 [  3.13166000e+005  -1.13456321e-018]
 [  2.83459000e+005  -1.13456321e-018]
 [  8.61346000e+005  -1.13456321e-018]
 [  5.42238000e+005  -1.13456321e-018]
 [  3.42617600e+006  -1.90960015e-018]
 [  1.69804800e+006  -1.90960015e-018]
 [  1.34234700e+006  -1.90960015e-018]
 [  1.01498800e+006  -1.90960015e-018]
 [  1.25370100e+006  -2.23850795e-017]
 [  1.48382800e+006  -2.23850795e-017]
 [  2.35519500e+006  -2.23850795e-017]
 [  2.96154700e+006  -2.23978002e-017]
 [  1.92954000e+006  -2.23978002e-017]
 [  2.80570900e+006  -4.47828797e-017]
 [  3.78841300e+006  -3.43053271e-002]
 [  3.01735900e+006  -3.43053271e-002]
 [  2.33895900e+006  -3.43053271e-002]
 [  2.27510500e+006  -3.43053271e-002]]
[[  2.80570900e+006   1.00000000e+000]
 [  1.79328300e+006   5.00142026e-001]
 [  2.96154700e+006   5.00142026e-001]
 [  1.92954000e+006   5.00142026e-001]
 [  2.35519500e+006   4.99857974e-001]
 [  1.48382800e+006   4.99857974e-001]
 [  1.25370100e+006   4.99857974e-001]
 [  1.34234700e+006   4.26412986e-002]
 [  1.69804800e+006   4.26412986e-002]
 [  3.42617600e+006   4.26412986e-002]
 [  1.01498800e+006   4.26412986e-002]
 [  2.83459000e+005   2.53347533e-002]
 [  3.13166000e+005   2.53347533e-002]
 [  8.61346000e+005   2.53347533e-002]
 [  5.42238000e+005   2.53347533e-002]
 [  3.89847100e+006   1.78142002e-002]
 [  7.13207000e+005   1.78142002e-002]
 [  9.38435000e+005   1.78142002e-002]
 [  1.29079100e+006   1.78142002e-002]
 [  1.89208700e+006   9.33163921e-003]
 [  8.10424000e+005   9.33163921e-003]
 [  3.80717900e+006   9.33163921e-003]
 [  1.06141300e+006   9.33163921e-003]
 [  1.28645000e+005   5.90892487e-003]
 [  3.16365000e+005   5.90892487e-003]
 [  1.90736800e+006   5.90892487e-003]
 [  3.90026900e+006   5.90892487e-003]
 [  2.77808000e+005   2.68922429e-003]
 [  2.90614000e+005   2.68922429e-003]
 [  6.30173000e+005   2.68922429e-003]
 [  3.43108900e+006   2.68922429e-003]
 [  3.77600000e+005   9.91888794e-028]
 [  3.81356200e+006   9.91888794e-028]
 [  2.36966400e+006   9.91888794e-028]
 [  2.68134800e+006   5.25597064e-028]
 [  2.55860500e+006   5.25597064e-028]
 [  2.63611000e+005   5.25597064e-028]
 [  1.02152600e+006   3.25934036e-028]
 [  1.26063100e+006   3.25934036e-028]
 [  1.46366900e+006   3.15069908e-028]
 [  5.15252000e+005   3.15069908e-028]
 [  3.83886100e+006   3.15069908e-028]
 [  3.61842800e+006   3.15069908e-028]
 [  2.32994900e+006   3.10405779e-028]
 [  6.02906000e+005   3.10405779e-028]
 [  3.59999300e+006   3.10405779e-028]
 [  2.65541600e+006   2.09255820e-028]
 [  3.22458000e+005   2.09255820e-028]
 [  7.20541000e+005   2.09255820e-028]
 [  9.52910000e+005   2.09255820e-028]
 [  2.27758100e+006   6.41132501e-029]
 [  3.73028600e+006   6.41132501e-029]
 [  9.94570000e+004   6.41132501e-029]
 [  4.61637000e+005   6.41132501e-029]
 [  2.86795500e+006   3.96937528e-029]
 [  3.37313600e+006   3.96937528e-029]
 [  3.44736900e+006   3.96937528e-029]
 [  2.43089800e+006   3.96937528e-029]
 [  3.76284300e+006   6.11287454e-033]
 [  3.74743100e+006   6.11287454e-033]
 [  1.60636700e+006   6.11287454e-033]
 [  6.15230000e+004   6.11287454e-033]
 [  2.64748100e+006   4.68741416e-033]
 [  2.27402300e+006   4.68741416e-033]
 [  2.25715000e+005   4.68741416e-033]
 [  3.76370500e+006   4.68741416e-033]
 [  1.19839700e+006   4.57134504e-033]
 [  2.77151000e+005   4.57134504e-033]
 [  3.63208800e+006   4.57134504e-033]
 [  2.94626400e+006   4.49149795e-033]
 [  3.70490800e+006   4.49149795e-033]
 [  1.86088300e+006   4.49149795e-033]
 [  8.78356000e+005   4.49149795e-033]
 [  3.80563200e+006   3.41321621e-033]
 [  1.37471900e+006   3.41321621e-033]
 [  1.19019200e+006   3.41321621e-033]
 [  3.39013000e+005   3.41321621e-033]
 [  2.43659900e+006   2.71006826e-033]
 [  1.79245500e+006   2.71006826e-033]
 [  3.55898600e+006   2.71006826e-033]
 [  6.30676000e+005   8.64882240e-034]
 [  6.65574000e+005   8.64882240e-034]
 [  2.08221200e+006   8.64882240e-034]
 [  3.65057700e+006   8.64882240e-034]
 [  2.47612500e+006   6.43974588e-034]
 [  2.48147000e+006   6.43974588e-034]
 [  2.19797800e+006   6.43974588e-034]
 [  2.14968500e+006   6.43974588e-034]
 [  2.27510500e+006   2.94508154e-034]
 [  2.33895900e+006   2.94508154e-034]
 [  3.01735900e+006   2.94508154e-034]
 [  3.78841300e+006   2.94508154e-034]
 [  1.07266800e+006   2.08913983e-067]
 [  5.11361000e+005   2.08913983e-067]
 [  3.47129400e+006   2.08913983e-067]
 [  3.95152400e+006   1.87957346e-072]
 [  1.80844200e+006   1.87957346e-072]
 [  3.54474200e+006   1.87957346e-072]
 [  1.32995600e+006   6.26345782e-074]
 [  5.91435000e+005   6.26345782e-074]
 [  3.11611400e+006   6.26345782e-074]
 [  3.89020300e+006   6.26345782e-074]
 [  2.41111000e+006   6.26345782e-074]
 [  1.68114600e+006   6.26345782e-074]
 [  2.26052800e+006   6.59838124e-075]
 [  7.21841000e+005   6.59838124e-075]
 [  3.86263000e+005   6.59838124e-075]
 [  2.45419000e+006   1.09788700e-086]
 [  2.96355100e+006   1.09788700e-086]
 [  2.52074300e+006   1.09788700e-086]
 [  1.90051800e+006   1.07082038e-086]
 [  1.34804100e+006   1.07082038e-086]
 [  1.20631500e+006   1.07082038e-086]
 [  6.86710000e+004   1.16808738e-092]
 [  4.06221000e+005   1.16808738e-092]
 [  3.16857300e+006   1.16808738e-092]
 [  3.07696400e+006   1.95687874e-105]
 [  2.49555900e+006   1.95687874e-105]
 [  8.37734000e+005   1.95687874e-105]
 [  3.61970200e+006   1.09360349e-105]
 [  2.87524900e+006   1.09360349e-105]
 [  2.78679000e+005   1.09360349e-105]
 [  7.18017000e+005   1.09360349e-105]
 [  6.07316000e+005   7.83068963e-106]
 [  3.42628700e+006   7.83068963e-106]
 [  3.51312800e+006   7.83068963e-106]
 [  2.14599300e+006   7.83068963e-106]
 [  5.23435000e+005   6.97235273e-106]
 [  3.41353100e+006   6.97235273e-106]
 [  9.51580000e+005   6.97235273e-106]
 [  5.81911000e+005   6.97235273e-106]
 [  2.42789600e+006   5.73420704e-106]
 [  2.49435900e+006   5.73420704e-106]
 [  2.55725300e+006   5.73420704e-106]
 [  3.40598500e+006   5.60112170e-106]
 [  2.07654000e+006   5.60112170e-106]
 [  1.73926500e+006   5.60112170e-106]
 [  1.35191300e+006   5.60112170e-106]
 [  1.76083100e+006   5.44811018e-106]
 [  1.16704800e+006   5.44811018e-106]
 [  2.38391000e+005   5.44811018e-106]
 [  1.48018500e+006   5.44811018e-106]
 [  1.06030400e+006   4.45194085e-106]
 [  1.76121900e+006   4.45194085e-106]
 [  2.43364000e+006   4.45194085e-106]
 [  2.45226700e+006   4.45194085e-106]
 [  3.82502300e+006   2.03234786e-106]
 [  3.64944700e+006   2.03234786e-106]
 [  2.04962700e+006   2.03234786e-106]
 [  1.07258400e+006   2.03234786e-106]
 [  2.67833200e+006   3.86080738e-126]
 [  1.33985000e+005   3.86080738e-126]
 [  9.25935000e+005   3.86080738e-126]
 [  2.82371100e+006   8.93845392e-132]
 [  2.70664600e+006   9.57775345e-176]
 [  3.19124000e+005   9.57775345e-176]
 [  3.53746000e+005   9.57775345e-176]
 [  3.25191200e+006   1.45761259e-212]
 [  4.86691000e+005   1.45761259e-212]
 [  3.10310000e+005   1.45761259e-212]
 [  4.12301000e+005   4.63015341e-293]
 [  2.67298300e+006   4.63015341e-293]
 [  1.76713000e+005   4.63015341e-293]
 [  7.33545000e+005   3.82438501e-312]
 [  7.49056000e+005   3.82438501e-312]
 [  1.74771900e+006   3.82438501e-312]
 [  2.40831100e+006   3.82438501e-312]
 [  3.50376000e+005   3.68882346e-312]
 [  2.08302400e+006   3.68882346e-312]
 [  2.47682900e+006   3.68882346e-312]
 [  3.78389700e+006   3.68882346e-312]
 [  1.21658200e+006   3.05486372e-312]
 [  1.78104200e+006   3.05486372e-312]
 [  2.34037700e+006   3.05486372e-312]
 [  3.90721000e+006   3.05486372e-312]
 [  4.99028000e+005   2.87228321e-313]
 [  3.42573400e+006   2.87228321e-313]
 [  3.13485800e+006   2.87228321e-313]
 [  6.51056000e+005   2.87228321e-313]
 [  7.19241000e+005   4.88729737e-320]
 [  2.61345400e+006   4.88729737e-320]
 [  2.73192300e+006   4.88729737e-320]
 [  3.56860700e+006   4.88729737e-320]
 [  1.27353100e+006   2.90362380e-320]
 [  1.72631800e+006   2.90362380e-320]
 [  2.80515400e+006   2.90362380e-320]
 [  3.25735800e+006   2.90362380e-320]
 [  6.23809000e+005   2.53702709e-320]
 [  6.92749000e+005   2.53702709e-320]
 [  2.99107900e+006   2.53702709e-320]
 [  1.78380000e+004   2.53702709e-320]
 [  3.12168400e+006   2.18278202e-320]
 [  2.28426900e+006   2.18278202e-320]
 [  7.55967000e+005   2.18278202e-320]
 [  2.89976600e+006   2.18278202e-320]
 [  4.16857000e+005   0.00000000e+000]
 [  3.31016200e+006   0.00000000e+000]
 [  3.46419900e+006   0.00000000e+000]
 [  2.05501600e+006   0.00000000e+000]
 [  1.22983800e+006   0.00000000e+000]
 [  4.98094000e+005   0.00000000e+000]
 [  2.74522800e+006   0.00000000e+000]
 [  1.33513700e+006   0.00000000e+000]
 [  2.25389000e+005   0.00000000e+000]
 [  2.60557100e+006   0.00000000e+000]
 [  1.40545800e+006   0.00000000e+000]
 [  8.30152000e+005   0.00000000e+000]
 [  4.85553000e+005   0.00000000e+000]
 [  2.17722700e+006   0.00000000e+000]
 [  1.54227900e+006   0.00000000e+000]
 [  1.83984800e+006   0.00000000e+000]
 [  2.74676700e+006   0.00000000e+000]
 [  2.99717100e+006   0.00000000e+000]
 [  5.20603000e+005   0.00000000e+000]
 [  3.37364400e+006   0.00000000e+000]
 [  3.12095100e+006   0.00000000e+000]
 [  2.27625500e+006   0.00000000e+000]
 [  1.85612900e+006   0.00000000e+000]
 [  1.81760200e+006   0.00000000e+000]
 [  2.39268300e+006   0.00000000e+000]
 [  1.95387500e+006   0.00000000e+000]
 [  2.10881500e+006   0.00000000e+000]
 [  1.29772000e+006   0.00000000e+000]
 [  1.30913700e+006   0.00000000e+000]
 [  3.19152200e+006   0.00000000e+000]
 [  1.15804000e+006   0.00000000e+000]
 [  6.18247000e+005   0.00000000e+000]
 [  3.52035000e+006   0.00000000e+000]
 [  3.50993600e+006   0.00000000e+000]
 [  1.85342500e+006   0.00000000e+000]
 [  2.16610900e+006   0.00000000e+000]
 [  2.81967900e+006  -1.90121962e-312]
 [  2.68212900e+006  -1.90121962e-312]
 [  2.41313300e+006  -1.90121962e-312]
 [  8.72868000e+005  -1.90121962e-312]
 [  2.65486900e+006  -1.37342787e-143]
 [  3.81162600e+006  -1.37342787e-143]
 [  2.75765800e+006  -1.37342787e-143]
 [  4.08123000e+005  -1.17646397e-142]
 [  4.62304000e+005  -1.17646397e-142]
 [  4.50680000e+005  -1.17646397e-142]
 [  2.47263500e+006  -5.24245633e-126]
 [  2.87032300e+006  -5.24245633e-126]
 [  1.58476300e+006  -5.24245633e-126]
 [  1.32307000e+006  -1.26289210e-109]
 [  3.30146200e+006  -1.26289210e-109]
 [  3.57145600e+006  -1.26289210e-109]
 [  3.37595900e+006  -1.09459855e-107]
 [  1.40200100e+006  -1.09459855e-107]
 [  6.06633000e+005  -1.09459855e-107]
 [  2.53224100e+006  -8.16872279e-091]
 [  6.21487000e+005  -8.16872279e-091]
 [  7.02631000e+005  -8.16872279e-091]
 [  6.65569000e+005  -2.75066677e-087]
 [  7.24992000e+005  -2.75066677e-087]
 [  2.76998800e+006  -2.75066677e-087]
 [  3.24981200e+006  -3.33319190e-035]
 [  7.82027000e+005  -3.33319190e-035]
 [  3.12142000e+005  -3.33319190e-035]
 [  6.42688000e+005  -2.17006085e-034]
 [  6.08635000e+005  -2.17006085e-034]
 [  1.97819700e+006  -2.17006085e-034]
 [  9.01175000e+005  -2.17006085e-034]
 [  3.37981000e+005  -2.91406405e-034]
 [  3.36889400e+006  -2.91406405e-034]
 [  2.80625500e+006  -2.91406405e-034]
 [  1.77131800e+006  -2.91406405e-034]
 [  4.58990000e+004  -8.62518948e-034]
 [  1.39578900e+006  -8.62518948e-034]
 [  1.29213500e+006  -8.62518948e-034]
 [  7.15492000e+005  -1.12549207e-033]
 [  2.12586300e+006  -1.12549207e-033]
 [  3.09770300e+006  -1.12549207e-033]
 [  3.64840700e+006  -1.12549207e-033]
 [  9.65850000e+004  -1.17439357e-033]
 [  4.55857000e+005  -1.17439357e-033]
 [  1.04951200e+006  -1.17439357e-033]
 [  1.72359000e+005  -1.17439357e-033]
 [  3.78174400e+006  -1.89684258e-033]
 [  3.75676000e+006  -1.89684258e-033]
 [  8.31209000e+005  -1.89684258e-033]
 [  5.62270000e+005  -1.89684258e-033]
 [  2.87165300e+006  -2.41964190e-033]
 [  3.29247600e+006  -2.41964190e-033]
 [  4.58558000e+005  -2.41964190e-033]
 [  7.55909000e+005  -3.79005020e-033]
 [  1.65844100e+006  -3.79005020e-033]
 [  1.76702600e+006  -3.79005020e-033]
 [  1.82312700e+006  -3.79005020e-033]
 [  3.01987900e+006  -5.17443236e-033]
 [  9.73296000e+005  -5.17443236e-033]
 [  1.63746700e+006  -5.17443236e-033]
 [  2.10205100e+006  -5.17443236e-033]
 [  1.17003900e+006  -3.54205662e-029]
 [  2.68916400e+006  -3.54205662e-029]
 [  5.65786000e+005  -3.54205662e-029]
 [  9.87727000e+005  -3.54205662e-029]
 [  4.70697000e+005  -6.77725759e-003]
 [  1.98379900e+006  -6.77725759e-003]
 [  2.13183900e+006  -6.77725759e-003]
 [  2.81607200e+006  -6.77725759e-003]
 [  3.53718000e+005  -1.27566513e-002]
 [  1.67199100e+006  -1.27566513e-002]
 [  3.33993900e+006  -1.27566513e-002]
 [  2.47205600e+006  -1.27566513e-002]
 [  2.66581600e+006  -1.29662083e-002]
 [  2.31240100e+006  -1.29662083e-002]
 [  1.06974200e+006  -1.29662083e-002]
 [  3.96877000e+005  -1.29662083e-002]]
[[  3.07696400e+006   6.26732121e-001]
 [  2.53224100e+006   6.26732121e-001]
 [  2.49555900e+006   6.26732121e-001]
 [  8.37734000e+005   6.26732121e-001]
 [  7.18017000e+005   3.50249824e-001]
 [  2.78679000e+005   3.50249824e-001]
 [  2.87524900e+006   3.50249824e-001]
 [  3.61970200e+006   3.50249824e-001]
 [  6.07316000e+005   2.50794523e-001]
 [  2.14599300e+006   2.50794523e-001]
 [  3.42628700e+006   2.50794523e-001]
 [  3.51312800e+006   2.50794523e-001]
 [  3.41353100e+006   2.23304455e-001]
 [  9.51580000e+005   2.23304455e-001]
 [  5.81911000e+005   2.23304455e-001]
 [  5.23435000e+005   2.23304455e-001]
 [  2.55725300e+006   1.83650201e-001]
 [  1.32995600e+006   1.83650201e-001]
 [  2.42789600e+006   1.83650201e-001]
 [  2.49435900e+006   1.83650201e-001]
 [  1.35191300e+006   1.79387859e-001]
 [  1.73926500e+006   1.79387859e-001]
 [  2.07654000e+006   1.79387859e-001]
 [  3.40598500e+006   1.79387859e-001]
 [  1.48018500e+006   1.74487339e-001]
 [  1.16704800e+006   1.74487339e-001]
 [  2.38391000e+005   1.74487339e-001]
 [  1.76083100e+006   1.74487339e-001]
 [  1.06030400e+006   1.42582893e-001]
 [  1.76121900e+006   1.42582893e-001]
 [  2.43364000e+006   1.42582893e-001]
 [  2.45226700e+006   1.42582893e-001]
 [  1.07258400e+006   6.50902714e-002]
 [  3.82502300e+006   6.50902714e-002]
 [  3.64944700e+006   6.50902714e-002]
 [  2.04962700e+006   6.50902714e-002]
 [  2.82371100e+006   2.86272947e-027]
 [  2.52074300e+006   2.86272947e-027]
 [  7.02631000e+005   2.65082530e-046]
 [  1.29213500e+006   2.65082530e-046]
 [  6.21487000e+005   2.65082530e-046]
 [  3.11611400e+006   7.76766631e-047]
 [  5.91435000e+005   7.76766631e-047]
 [  6.15230000e+004   7.76766631e-047]
 [  3.76284300e+006   3.28436737e-065]
 [  3.74743100e+006   3.28436737e-065]
 [  1.60636700e+006   3.28436737e-065]
 [  2.64748100e+006   2.51848619e-065]
 [  3.76370500e+006   2.51848619e-065]
 [  2.27402300e+006   2.51848619e-065]
 [  2.25715000e+005   2.51848619e-065]
 [  3.63208800e+006   2.45639701e-065]
 [  2.77151000e+005   2.45639701e-065]
 [  1.19839700e+006   2.45639701e-065]
 [  5.42238000e+005   2.45639701e-065]
 [  8.78356000e+005   2.41322298e-065]
 [  1.86088300e+006   2.41322298e-065]
 [  2.94626400e+006   2.41322298e-065]
 [  3.70490800e+006   2.41322298e-065]
 [  1.37471900e+006   1.83387633e-065]
 [  3.80563200e+006   1.83387633e-065]
 [  1.19019200e+006   1.83387633e-065]
 [  3.39013000e+005   1.83387633e-065]
 [  1.79245500e+006   1.45614788e-065]
 [  2.43659900e+006   1.45614788e-065]
 [  3.55898600e+006   1.45614788e-065]
 [  1.90736800e+006   1.45614788e-065]
 [  6.30676000e+005   4.64689892e-066]
 [  3.65057700e+006   4.64689892e-066]
 [  2.08221200e+006   4.64689892e-066]
 [  6.65574000e+005   4.64689892e-066]
 [  2.48147000e+006   3.45999106e-066]
 [  2.47612500e+006   3.45999106e-066]
 [  2.19797800e+006   3.45999106e-066]
 [  2.14968500e+006   3.45999106e-066]
 [  3.57145600e+006   4.78147805e-070]
 [  3.30146200e+006   4.78147805e-070]
 [  1.32307000e+006   4.78147805e-070]
 [  2.10205100e+006   7.72014674e-081]
 [  1.63746700e+006   7.72014674e-081]
 [  9.73296000e+005   7.72014674e-081]
 [  3.01987900e+006   7.72014674e-081]
 [  7.55909000e+005   5.65467701e-081]
 [  1.82312700e+006   5.65467701e-081]
 [  1.65844100e+006   5.65467701e-081]
 [  1.76702600e+006   5.65467701e-081]
 [  4.58558000e+005   3.61005604e-081]
 [  2.87165300e+006   3.61005604e-081]
 [  3.29247600e+006   3.61005604e-081]
 [  1.79328300e+006   3.61005604e-081]
 [  8.31209000e+005   2.83005015e-081]
 [  5.62270000e+005   2.83005015e-081]
 [  3.78174400e+006   2.83005015e-081]
 [  3.75676000e+006   2.83005015e-081]
 [  3.64840700e+006   1.67921103e-081]
 [  3.09770300e+006   1.67921103e-081]
 [  2.12586300e+006   1.67921103e-081]
 [  7.15492000e+005   1.67921103e-081]
 [  1.39578900e+006   1.28686054e-081]
 [  4.58990000e+004   1.28686054e-081]
 [  2.31240100e+006   1.28686054e-081]
 [  3.36889400e+006   4.34772367e-082]
 [  2.80625500e+006   4.34772367e-082]
 [  3.37981000e+005   4.34772367e-082]
 [  1.77131800e+006   4.34772367e-082]
 [  6.42688000e+005   3.23768619e-082]
 [  9.01175000e+005   3.23768619e-082]
 [  1.97819700e+006   3.23768619e-082]
 [  7.82027000e+005   4.97305381e-083]
 [  3.24981200e+006   4.97305381e-083]
 [  3.12142000e+005   4.97305381e-083]
 [  4.06221000e+005   4.22637700e-084]
 [  6.86710000e+004   4.22637700e-084]
 [  3.16857300e+006   4.22637700e-084]
 [  3.89020300e+006   2.59479419e-089]
 [  1.68114600e+006   2.59479419e-089]
 [  2.41111000e+006   2.59479419e-089]
 [  3.86263000e+005   3.15809199e-096]
 [  2.26052800e+006   3.15809199e-096]
 [  7.21841000e+005   3.15809199e-096]
 [  2.83459000e+005   1.88142360e-099]
 [  3.13166000e+005   1.88142360e-099]
 [  8.61346000e+005   1.88142360e-099]
 [  3.90026900e+006   1.11530465e-099]
 [  1.28645000e+005   1.11530465e-099]
 [  3.16365000e+005   1.11530465e-099]
 [  2.96355100e+006   5.92949098e-119]
 [  2.45419000e+006   5.92949098e-119]
 [  1.34804100e+006   5.78330901e-119]
 [  1.20631500e+006   5.78330901e-119]
 [  1.90051800e+006   5.78330901e-119]
 [  7.13207000e+005   1.85894929e-122]
 [  8.10424000e+005   1.84735638e-122]
 [  1.06141300e+006   1.84735638e-122]
 [  3.80717900e+006   1.84735638e-122]
 [  9.38435000e+005   1.83710205e-122]
 [  1.29079100e+006   1.83710205e-122]
 [  4.70697000e+005   1.77828237e-122]
 [  2.81607200e+006   1.77828237e-122]
 [  1.98379900e+006   1.77828237e-122]
 [  1.89208700e+006   1.63179323e-122]
 [  3.89847100e+006   1.62153890e-122]
 [  2.13183900e+006   1.57298890e-122]
 [  5.65786000e+005   2.34261398e-124]
 [  9.87727000e+005   2.34261398e-124]
 [  1.17003900e+006   2.34261398e-124]
 [  2.68916400e+006   2.34261398e-124]
 [  1.80844200e+006   2.18472430e-124]
 [  3.95152400e+006   2.18472430e-124]
 [  3.54474200e+006   2.18472430e-124]
 [  1.67199100e+006   1.54211534e-124]
 [  3.53718000e+005   1.54211534e-124]
 [  2.47205600e+006   1.54211534e-124]
 [  3.33993900e+006   1.54211534e-124]
 [  1.33985000e+005   2.08515289e-158]
 [  9.25935000e+005   2.08515289e-158]
 [  2.67833200e+006   2.08515289e-158]
 [  7.49056000e+005   1.22484042e-207]
 [  2.40831100e+006   1.22484042e-207]
 [  1.74771900e+006   1.22484042e-207]
 [  7.33545000e+005   1.22484042e-207]
 [  3.50376000e+005   1.18142396e-207]
 [  2.47682900e+006   1.18142396e-207]
 [  2.08302400e+006   1.18142396e-207]
 [  3.78389700e+006   1.18142396e-207]
 [  2.34037700e+006   9.78384906e-208]
 [  1.21658200e+006   9.78384906e-208]
 [  1.78104200e+006   9.78384906e-208]
 [  3.90721000e+006   9.78384906e-208]
 [  2.70664600e+006   5.17277303e-208]
 [  3.53746000e+005   5.17277303e-208]
 [  3.19124000e+005   5.17277303e-208]
 [  6.51056000e+005   9.19909624e-209]
 [  3.13485800e+006   9.19909624e-209]
 [  4.99028000e+005   9.19909624e-209]
 [  3.42573400e+006   9.19909624e-209]
 [  3.25191200e+006   7.87230441e-245]
 [  4.86691000e+005   7.87230441e-245]
 [  3.10310000e+005   7.87230441e-245]
 [  2.25389000e+005   0.00000000e+000]
 [  6.18247000e+005   0.00000000e+000]
 [  1.29772000e+006   0.00000000e+000]
 [  3.37364400e+006   0.00000000e+000]
 [  3.19152200e+006   0.00000000e+000]
 [  4.85553000e+005   0.00000000e+000]
 [  8.30152000e+005   0.00000000e+000]
 [  1.40545800e+006   0.00000000e+000]
 [  1.15804000e+006   0.00000000e+000]
 [  2.16610900e+006   0.00000000e+000]
 [  5.20603000e+005   0.00000000e+000]
 [  2.10881500e+006   0.00000000e+000]
 [  2.60557100e+006   0.00000000e+000]
 [  1.95387500e+006   0.00000000e+000]
 [  4.98094000e+005   0.00000000e+000]
 [  1.22983800e+006   0.00000000e+000]
 [  2.05501600e+006   0.00000000e+000]
 [  3.46419900e+006   0.00000000e+000]
 [  1.30913700e+006   0.00000000e+000]
 [  3.12168400e+006   0.00000000e+000]
 [  2.39268300e+006   0.00000000e+000]
 [  6.92749000e+005   0.00000000e+000]
 [  4.16857000e+005   0.00000000e+000]
 [  2.67298300e+006   0.00000000e+000]
 [  4.12301000e+005   0.00000000e+000]
 [  1.76713000e+005   0.00000000e+000]
 [  3.31016200e+006   0.00000000e+000]
 [  2.74522800e+006   0.00000000e+000]
 [  7.19241000e+005   0.00000000e+000]
 [  2.61345400e+006   0.00000000e+000]
 [  2.73192300e+006   0.00000000e+000]
 [  3.56860700e+006   0.00000000e+000]
 [  7.55967000e+005   0.00000000e+000]
 [  2.28426900e+006   0.00000000e+000]
 [  2.89976600e+006   0.00000000e+000]
 [  2.17722700e+006   0.00000000e+000]
 [  1.54227900e+006   0.00000000e+000]
 [  1.81760200e+006   0.00000000e+000]
 [  2.99107900e+006   0.00000000e+000]
 [  6.23809000e+005   0.00000000e+000]
 [  3.50993600e+006   0.00000000e+000]
 [  1.85612900e+006   0.00000000e+000]
 [  2.27625500e+006   0.00000000e+000]
 [  3.12095100e+006   0.00000000e+000]
 [  1.33513700e+006   0.00000000e+000]
 [  1.83984800e+006   0.00000000e+000]
 [  1.78380000e+004   0.00000000e+000]
 [  3.52035000e+006   0.00000000e+000]
 [  1.85342500e+006   0.00000000e+000]
 [  2.74676700e+006   0.00000000e+000]
 [  2.99717100e+006   0.00000000e+000]
 [  1.27353100e+006   0.00000000e+000]
 [  1.72631800e+006   0.00000000e+000]
 [  2.80515400e+006   0.00000000e+000]
 [  3.25735800e+006   0.00000000e+000]
 [  2.81967900e+006  -6.08905912e-208]
 [  2.68212900e+006  -6.08905912e-208]
 [  2.41313300e+006  -6.08905912e-208]
 [  8.72868000e+005  -6.08905912e-208]
 [  4.08123000e+005  -6.49303896e-175]
 [  4.62304000e+005  -6.49303896e-175]
 [  4.50680000e+005  -6.49303896e-175]
 [  2.87032300e+006  -2.83135673e-158]
 [  2.47263500e+006  -2.83135673e-158]
 [  1.58476300e+006  -2.83135673e-158]
 [  3.81162600e+006  -4.96934050e-135]
 [  2.75765800e+006  -4.96934050e-135]
 [  2.65486900e+006  -4.96934050e-135]
 [  2.77808000e+005  -3.25092685e-125]
 [  3.43108900e+006  -3.25092685e-125]
 [  6.30173000e+005  -3.25092685e-125]
 [  2.90614000e+005  -3.25092685e-125]
 [  3.37313600e+006  -2.62523020e-124]
 [  3.44736900e+006  -2.62523020e-124]
 [  2.86795500e+006  -2.62523020e-124]
 [  2.43089800e+006  -2.62523020e-124]
 [  9.94570000e+004  -4.24026525e-124]
 [  3.73028600e+006  -4.24026525e-124]
 [  2.27758100e+006  -4.24026525e-124]
 [  4.61637000e+005  -4.24026525e-124]
 [  3.42617600e+006  -5.15478546e-124]
 [  1.69804800e+006  -5.15478546e-124]
 [  1.34234700e+006  -5.15478546e-124]
 [  1.01498800e+006  -5.15478546e-124]
 [  3.22458000e+005  -1.38395757e-123]
 [  7.20541000e+005  -1.38395757e-123]
 [  9.52910000e+005  -1.38395757e-123]
 [  2.65541600e+006  -1.38395757e-123]
 [  2.32994900e+006  -2.05293473e-123]
 [  3.59999300e+006  -2.05293473e-123]
 [  6.02906000e+005  -2.05293473e-123]
 [  5.15252000e+005  -2.08378140e-123]
 [  3.83886100e+006  -2.08378140e-123]
 [  3.61842800e+006  -2.08378140e-123]
 [  1.46366900e+006  -2.08378140e-123]
 [  1.26063100e+006  -2.15563147e-123]
 [  1.02152600e+006  -2.15563147e-123]
 [  2.63611000e+005  -3.47614824e-123]
 [  2.55860500e+006  -3.47614824e-123]
 [  2.68134800e+006  -3.47614824e-123]
 [  1.48382800e+006  -6.04264105e-123]
 [  2.35519500e+006  -6.04264105e-123]
 [  1.25370100e+006  -6.04264105e-123]
 [  3.81356200e+006  -6.55873477e-123]
 [  2.36966400e+006  -6.55873477e-123]
 [  3.77600000e+005  -6.55873477e-123]
 [  6.65569000e+005  -1.48558584e-119]
 [  2.76998800e+006  -1.48558584e-119]
 [  7.24992000e+005  -1.48558584e-119]
 [  3.96877000e+005  -3.28042232e-116]
 [  1.06974200e+006  -3.28042232e-116]
 [  2.66581600e+006  -3.28042266e-116]
 [  1.92954000e+006  -9.20266034e-116]
 [  2.96154700e+006  -9.20266034e-116]
 [  2.80570900e+006  -9.20266094e-116]
 [  3.47129400e+006  -3.90924531e-112]
 [  5.11361000e+005  -3.90924531e-112]
 [  1.07266800e+006  -3.90924531e-112]
 [  2.33895900e+006  -4.39400113e-082]
 [  2.27510500e+006  -4.39400113e-082]
 [  3.01735900e+006  -4.39400113e-082]
 [  3.78841300e+006  -4.39400113e-082]
 [  1.72359000e+005  -6.30986274e-066]
 [  4.55857000e+005  -6.30986274e-066]
 [  9.65850000e+004  -6.30986274e-066]
 [  1.04951200e+006  -6.30986274e-066]
 [  3.37595900e+006  -3.50568512e-003]
 [  6.06633000e+005  -3.50568512e-003]
 [  6.08635000e+005  -3.50568512e-003]
 [  1.40200100e+006  -3.50568512e-003]]
Labels: 
group 0:

3704908
3558986
2647481
2436599
542238
1374719
3762843
339013
3763705
1907368
1860883
61523
1198397
2946264
2274023
225715
277151
1606367
878356
1792455
1190192
3747431
3805632
3632088
group 1:

2558605
2665816
665574
2275105
2613454
2654869
2681348
2805154
755967
1405458
462304
499028
2689164
1335137
3788413
1402001
2197978
1671991
925935
319124
3811626
263611
1781042
630173
3898471
1273531
1290791
1072584
128645
3310162
515252
2312401
719241
2108815
2745228
316365
1170039
3825023
1342347
2125863
1395789
2769988
749056
1061413
290614
486691
2867955
3191522
3121684
3373644
3509936
520603
3339939
2899766
1853425
470697
3783897
2049627
713207
720541
3249812
591435
3568607
830152
2131839
901175
2166109
1021526
408123
337981
2757658
3251912
938435
1463669
1069742
2655416
350376
810424
952910
724992
2454190
2284269
1771318
3431089
412301
406221
377600
1158040
2369664
2682129
2706646
1348041
2338959
3618428
312142
3116114
692749
3097703
3730286
1297720
606633
2481470
602906
861346
3368894
1014988
2340377
2476125
353718
416857
2816072
715492
322458
1206315
3599993
1698048
1323070
455857
396877
176713
3813562
1839848
498094
3571456
1072668
283459
3373136
277808
3425734
1049512
1726318
623809
3520350
3544742
987727
872868
2731923
3464199
2149685
3648407
2392683
99457
1216582
2277581
1808442
2472056
3375959
1229838
2605571
2870323
2746767
1292135
2678332
3890203
2260528
3017359
1978197
3257358
461637
310310
133985
2806255
1953875
1681146
68671
96585
3471294
565786
3120951
3838861
3951524
3907210
721841
450680
2997171
1542279
386263
2819679
2082212
2472635
1260631
2411110
485553
2408311
1817602
3134858
2672983
1856129
621487
511361
3447369
2413133
2520743
2430898
782027
3650577
2055016
1584763
353746
702631
2329949
2476829
3301462
1900518
642688
618247
2083024
608635
733545
2991079
3807179
3426176
665569
3168573
225389
17838
2276255
172359
1309137
3900269
313166
651056
2823711
3649447
45899
630676
2177227
1983799
2963551
1747719
1892087
group 2:

1929540
1253701
1483828
2961547
2805709
2355195
1793283
group 3:

2532241
2875249
2145993
523435
2557253
3426287
951580
3405985
3076964
837734
238391
2427896
1760831
1329956
1351913
2433640
1739265
1060304
3513128
2494359
581911
718017
2495559
607316
3413531
278679
2452267
1480185
1167048
2076540
3619702
1761219
group 4:

3781744
755909
3756760
831209
3019879
1823127
562270
1637467
973296
2102051
1767026
1658441
3292476
458558
2871653
group 0:

3906
5161
5171
7062
5078
3323
9779
10227
10234
9775
6163
5076
6166
3233
3216
8865
9818
4064
9782
7202
3366
3239
6185
3854
4152
9420
10241
3189
8929
10178
3467
5000
10156
10157
10059
9448
10143
4252
9443
7212
9441
5324
9821
9419
4354
8779
5044
6097
5123
3207
6425
8860
4681
5959
4132
4076
4057
4072
9514
9816
6058
9438
9417
5915
5914
6057
9432
4068
4999
group 1:

4869
3961
group 2:

7247
7320
7149
7235
7232
7755
group 3:

9739
9797
9753
9807
group 4:

8901
8862
8939
8903
8935
group 0:

2005
group 1:

2007
group 2:

2002
2003
2008
2001
2006
group 3:

2004
group 4:

2000
