TASK 1B
-----------------------------
SVD

INPUT
-----------------x
python task1.py task1b Crime 0

OUTPUT
-----------------
[[  2.47570766e-18   1.04074854e-18  -6.88882203e-18   1.10074569e-18
   -8.34712798e-16  -9.97814165e-16  -9.98423814e-16  -9.97814165e-16
   -5.09024923e-15  -5.07424632e-15  -5.09017069e-15  -5.09017069e-15
    2.45401526e-16   2.45485530e-16  -1.65172379e-17   1.88620959e-16
    7.38297680e-15   7.38297680e-15   7.38300205e-15   7.38297680e-15
   -1.27675648e-15  -1.27675648e-15  -1.27675648e-15  -1.27675648e-15
   -2.26145619e-01  -1.73820450e-01  -5.36783055e-01  -2.26145619e-01
   -2.77555756e-17  -2.77555756e-17  -2.77555756e-17  -2.77555756e-17
   -5.58267965e-17  -8.81558033e-17  -8.81558033e-17  -3.10742852e-01
   -3.10742852e-01  -3.10742852e-01   1.36128040e-35   1.36128040e-35
    1.36128040e-35   0.00000000e+00   1.36128040e-35   1.36128040e-35
    1.36128040e-35   0.00000000e+00   0.00000000e+00   0.00000000e+00
    0.00000000e+00   0.00000000e+00  -2.76762374e-16  -2.76762374e-16
   -2.76762374e-16   7.06381703e-19   9.19023784e-19  -2.72256079e-35
   -2.72256079e-35  -2.72256079e-35  -2.72256079e-35   0.00000000e+00
    0.00000000e+00   0.00000000e+00   0.00000000e+00   1.70160050e-36
    1.70160050e-36   1.70160050e-36   1.70160050e-36  -3.10742852e-01
   -3.10742852e-01  -3.10742852e-01   0.00000000e+00   0.00000000e+00
    0.00000000e+00   0.00000000e+00]
 [  7.35764211e-33   1.89304849e-33  -1.34391105e-32  -9.62825354e-34
    8.64215826e-16   7.16526108e-16   7.16526108e-16   7.16526108e-16
   -2.22111924e-01  -2.22111924e-01  -2.22111924e-01  -2.22111924e-01
   -5.30992819e-17  -5.30992819e-17  -9.46000524e-17  -4.08132649e-17
   -2.06676757e-01  -2.06676757e-01  -2.06676757e-01  -2.06676757e-01
    1.90761584e-01   1.90761584e-01   1.90761584e-01   1.90761584e-01
   -1.16886046e-15  -8.98411615e-16  -1.43687083e-15  -1.16886046e-15
   -3.48656033e-01  -3.48656033e-01  -3.48656033e-01  -3.48656033e-01
    2.58277469e-16   4.07844605e-16   4.07844605e-16  -4.70909937e-16
   -4.70909937e-16  -4.70909937e-16  -5.27300731e-16  -5.27300731e-16
   -5.27300731e-16  -4.05294830e-16  -7.61656612e-16  -7.61656612e-16
   -7.61656612e-16  -5.85425866e-16   0.00000000e+00   0.00000000e+00
    0.00000000e+00   0.00000000e+00  -1.22984821e-16  -1.22984821e-16
   -1.22984821e-16   1.43026510e-33   1.86081779e-33  -5.51257721e-50
   -5.51257721e-50  -5.51257721e-50  -5.51257721e-50   0.00000000e+00
    0.00000000e+00   0.00000000e+00   0.00000000e+00   3.44536076e-51
    3.44536076e-51   3.44536076e-51   3.44536076e-51  -6.29184836e-16
   -6.29184836e-16  -6.29184836e-16   0.00000000e+00   0.00000000e+00
    0.00000000e+00   0.00000000e+00]
 [  3.77646804e-33   1.13028638e-33  -1.22361198e-32   3.69761140e-33
    3.34619737e-17   5.16919236e-17   5.16919236e-17   5.16919236e-17
    1.54717294e-01   1.54717294e-01   1.54717294e-01   1.54717294e-01
   -5.52343840e-17  -5.52343840e-17   3.36208438e-18  -4.24543509e-17
    6.15887851e-02   6.15887851e-02   6.15887851e-02   6.15887851e-02
    4.57024042e-02   4.57024042e-02   4.57024042e-02   4.57024042e-02
   -2.24256519e-16  -1.72368446e-16  -7.87085171e-16  -2.24256519e-16
   -1.10066253e-01  -1.10066253e-01  -1.10066253e-01  -1.10066253e-01
   -5.16554938e-18  -8.15689209e-18  -8.15689209e-18  -4.73332045e-16
   -4.73332045e-16  -4.73332045e-16  -9.15452659e-18  -9.15452659e-18
   -9.15452659e-18  -7.03636858e-18   1.34754631e-15   1.34754631e-15
    1.34754631e-15   1.03575346e-15  -4.56142621e-01  -4.56142621e-01
   -4.56142621e-01  -4.56142621e-01   6.14924103e-17   6.14924103e-17
    6.14924103e-17   1.23956308e-33   1.61270875e-33  -4.77756692e-50
   -4.77756692e-50  -4.77756692e-50  -4.77756692e-50   0.00000000e+00
    0.00000000e+00   0.00000000e+00   0.00000000e+00   2.98597932e-51
    2.98597932e-51   2.98597932e-51   2.98597932e-51  -5.45293524e-16
   -5.45293524e-16  -5.45293524e-16   0.00000000e+00   0.00000000e+00
    0.00000000e+00   0.00000000e+00]
 [  1.40963835e-32   7.90925704e-33  -4.19550322e-32   5.93711940e-33
    1.16388490e-15   9.79972735e-16   9.79972735e-16   9.79972735e-16
    8.32610607e-02   8.32610607e-02   8.32610607e-02   8.32610607e-02
   -1.29313448e-16  -1.29313448e-16  -7.77319193e-17  -9.93931332e-17
   -9.93874475e-02  -9.93874475e-02  -9.93874475e-02  -9.93874475e-02
    4.21136584e-01   4.21136584e-01   4.21136584e-01   4.21136584e-01
   -1.79129251e-15  -1.37682645e-15  -3.70319094e-15  -1.79129251e-15
    2.36291575e-01   2.36291575e-01   2.36291575e-01   2.36291575e-01
    3.38343485e-16   5.34276432e-16   5.34276432e-16  -2.17074910e-15
   -2.17074910e-15  -2.17074910e-15   8.26051343e-50   8.26051343e-50
    8.26051343e-50   0.00000000e+00   8.26051343e-50   8.26051343e-50
    8.26051343e-50   0.00000000e+00   0.00000000e+00   0.00000000e+00
    0.00000000e+00   0.00000000e+00  -1.53731026e-17  -1.53731026e-17
   -1.53731026e-17   4.28646116e-33   5.57681454e-33  -1.65210269e-49
   -1.65210269e-49  -1.65210269e-49  -1.65210269e-49   0.00000000e+00
    0.00000000e+00   0.00000000e+00   0.00000000e+00   1.03256418e-50
    1.03256418e-50   1.03256418e-50   1.03256418e-50  -1.88564789e-15
   -1.88564789e-15  -1.88564789e-15   0.00000000e+00   0.00000000e+00
    0.00000000e+00   0.00000000e+00]]
-------------------------------------------
PCA
-------------------------------------------
[[ -2.46945352e-02  -2.46945352e-02  -2.86952897e-02  -3.48282380e-02
   -7.76320744e-02  -6.15464640e-02  -6.15464640e-02  -6.15464640e-02
   -8.84517592e-02  -8.84517592e-02  -8.84517592e-02  -8.84517592e-02
   -7.79714170e-03  -7.79714170e-03  -9.98036216e-03  -5.99305299e-03
   -8.84517592e-02  -8.84517592e-02  -8.84517592e-02  -8.84517592e-02
   -8.84517592e-02  -8.84517592e-02  -8.84517592e-02  -8.84517592e-02
    1.99310595e-01   1.53194466e-01   4.75221073e-01   1.99310595e-01
   -8.84517592e-02  -8.84517592e-02  -8.84517592e-02  -8.84517592e-02
   -2.49859564e-02  -3.94551935e-02  -3.94551935e-02   2.75554262e-01
    2.75554262e-01   2.75554262e-01  -1.28814509e-02  -1.28814509e-02
   -1.28814509e-02  -9.90096382e-03  -1.28814509e-02  -1.28814509e-02
   -1.28814509e-02  -9.90096382e-03  -8.84517592e-02  -8.84517592e-02
   -8.84517592e-02  -8.84517592e-02  -1.07798365e-02  -1.07798365e-02
   -1.07798365e-02  -1.58474803e-02  -2.06180472e-02  -5.84287010e-03
   -9.22644571e-03  -9.22644571e-03  -9.22644571e-03  -8.84517592e-02
   -8.84517592e-02  -8.84517592e-02  -8.84517592e-02  -9.90096382e-03
   -1.28814509e-02  -1.28814509e-02  -1.28814509e-02   2.75554262e-01
    2.75554262e-01   2.75554262e-01  -6.94654696e-03  -6.94654696e-03
   -5.33926734e-03  -5.33926734e-03]
 [  1.66686859e-15   1.63650648e-15   1.92577677e-15   2.39045105e-15
    3.70516753e-14   2.97199889e-14   2.96559018e-14   2.97939015e-14
    3.34115534e-01   3.34115534e-01   3.34115534e-01   3.34115534e-01
    3.88578059e-16   4.61436445e-16   4.81385765e-16   2.79509014e-16
   -7.72960987e-02  -7.72960987e-02  -7.72960987e-02  -7.72960987e-02
   -4.94439342e-02  -4.94439342e-02  -4.94439342e-02  -4.94439342e-02
   -1.54284508e-15  -1.22693273e-15  -3.52499615e-15  -1.54284508e-15
   -1.33742851e-01  -1.33742851e-01  -1.33742851e-01  -1.33742851e-01
    1.17022533e-14   1.84616502e-14   1.84616502e-14  -2.94948717e-15
   -2.94948717e-15  -2.94948717e-15   5.49853651e-15   5.49853651e-15
    5.49853651e-15   4.23041769e-15  -2.07837734e-15  -2.07837734e-15
   -2.07837734e-15  -1.59061201e-15  -2.70642528e-01  -2.70642528e-01
   -2.70642528e-01  -2.70642528e-01   6.26879268e-16   6.26879268e-16
    6.26879268e-16   1.03401746e-15   1.33744634e-15   2.31196935e-16
    3.65599621e-16   3.65599621e-16   3.65599621e-16   1.97009878e-01
    1.97009878e-01   1.97009878e-01   1.97009878e-01  -9.57505271e-16
   -1.27470487e-15  -1.27470487e-15  -1.27470487e-15  -1.07738869e-15
   -1.07738869e-15  -1.07738869e-15   2.86646870e-16   2.86774058e-16
    1.97807958e-16   2.42861287e-16]
 [  0.00000000e+00  -3.06611469e-17   4.96304234e-17   6.84653226e-18
   -2.31597570e-16  -5.69788160e-17  -8.67173239e-17   1.02036256e-17
    4.53672465e-02   4.53672465e-02   4.53672465e-02   4.53672465e-02
   -1.73472348e-17  -6.59194921e-17   1.73472348e-18  -6.93889411e-18
    2.77593923e-01   2.77593923e-01   2.77593923e-01   2.77593923e-01
   -4.06971322e-01  -4.06971322e-01  -4.06971322e-01  -4.06971322e-01
    8.42397448e-17   3.96513219e-17   4.15591706e-17   8.42397448e-17
    7.09729055e-02   7.09729055e-02   7.09729055e-02   7.09729055e-02
   -8.25547784e-17  -1.14917501e-16  -1.14917501e-16  -3.50219107e-17
   -3.50219107e-17  -3.50219107e-17   9.70908246e-17   9.70908246e-17
    9.70908246e-17   7.09236925e-17  -1.33707749e-16  -1.33707749e-16
   -1.33707749e-16  -6.30840920e-17   1.47536622e-02   1.47536622e-02
    1.47536622e-02   1.47536622e-02  -9.18227803e-17  -9.18227803e-17
   -9.18227803e-17  -6.74212466e-18   3.07231498e-17  -6.49128170e-18
   -6.08241176e-18  -6.08241176e-18  -6.08241176e-18  -1.71641479e-03
   -1.71641479e-03  -1.71641479e-03  -1.71641479e-03  -7.79801336e-17
   -1.02049822e-16  -1.02049822e-16  -1.02049822e-16   7.22104904e-17
    7.22104904e-17   7.22104904e-17   6.95253242e-17   7.52207014e-17
    5.62453697e-17   5.89805982e-17]
 [  0.00000000e+00   2.25514052e-17  -8.35635744e-17   5.67488478e-17
    2.20895097e-15   1.61613018e-15   1.71824708e-15   1.62493756e-15
   -9.03653952e-02  -9.03653952e-02  -9.03653952e-02  -9.03653952e-02
   -1.04083409e-16  -3.46944695e-17  -4.51028104e-17  -6.93931742e-18
   -5.45236410e-03  -5.45236410e-03  -5.45236410e-03  -5.45236410e-03
    4.08197675e-02   4.08197675e-02   4.08197675e-02   4.08197675e-02
   -2.56739074e-16  -1.73472348e-16  -6.50954984e-16  -2.56739074e-16
    3.77748585e-01   3.77748585e-01   3.77748585e-01   3.77748585e-01
    6.90419943e-16   1.08246745e-15   1.08246745e-15  -3.83373888e-16
   -3.83373888e-16  -3.83373888e-16  -1.80411242e-16  -1.80411242e-16
   -1.80411242e-16  -1.38723668e-16  -4.38017678e-17  -4.38017678e-17
   -4.38017678e-17  -3.55618313e-17  -3.11974346e-01  -3.11974346e-01
   -3.11974346e-01  -3.11974346e-01  -8.67361738e-17  -8.67361738e-17
   -8.67361738e-17  -4.42354486e-17  -3.46944695e-18  -2.38524478e-17
   -2.94902991e-17  -2.94902991e-17  -2.94902991e-17  -1.07762479e-02
   -1.07762479e-02  -1.07762479e-02  -1.07762479e-02  -2.08166817e-17
   -2.08166817e-17  -2.08166817e-17  -2.08166817e-17  -3.76434994e-16
   -3.76434994e-16  -3.76434994e-16  -7.02563008e-17  -7.19910243e-17
   -4.25007252e-17  -5.03069808e-17]]

-------------------------------------------
LDA
-------------------------------------------
[[ 0.0004042   0.0004042   0.0004042   0.0004042   0.0004042   0.0004042
   0.04082458  0.0004042   0.0004042   0.0004042   0.0004042   0.0004042
   0.0004042   0.0004042   0.08124495  0.04082458  0.0004042   0.0004042
   0.04082458  0.0004042   0.0004042   0.0004042   0.0004042   0.0004042
   0.0004042   0.0004042   0.0004042   0.0004042   0.04082458  0.0004042
   0.0004042   0.04082458  0.0004042   0.0004042   0.0004042   0.0004042
   0.0004042   0.04082458  0.04082458  0.04082458  0.04082458  0.04082458
   0.0004042   0.04082458  0.0004042   0.0004042   0.0004042   0.0004042
   0.0004042   0.0004042   0.04082458  0.04082458  0.04082458  0.0004042
   0.0004042   0.04082458  0.04082458  0.04082458  0.04082458  0.0004042
   0.0004042   0.0004042   0.0004042   0.0004042   0.0004042   0.0004042
   0.0004042   0.0004042   0.0004042   0.0004042   0.04082458  0.04082458
   0.04082458  0.04082458]
 [ 0.04441513  0.04441513  0.0883905   0.0883905   0.00043975  0.00043975
   0.00043975  0.00043975  0.00043975  0.00043975  0.00043975  0.00043975
   0.00043975  0.00043975  0.00043975  0.00043975  0.04441513  0.04441513
   0.00043975  0.04441513  0.00043975  0.00043975  0.00043975  0.00043975
   0.04441513  0.04441513  0.00043975  0.04441513  0.00043975  0.00043975
   0.00043975  0.00043975  0.00043975  0.00043975  0.00043975  0.00043975
   0.00043975  0.00043975  0.00043975  0.00043975  0.00043975  0.00043975
   0.00043975  0.00043975  0.00043975  0.00043975  0.04441513  0.04441513
   0.04441513  0.04441513  0.00043975  0.00043975  0.00043975  0.04441513
   0.04441513  0.00043975  0.00043975  0.00043975  0.00043975  0.04441513
   0.04441513  0.04441513  0.04441513  0.00043975  0.00043975  0.00043975
   0.00043975  0.00043975  0.00043975  0.00043975  0.00043975  0.00043975
   0.00043975  0.00043975]
 [ 0.00059737  0.00059737  0.00059737  0.00059737  0.00059737  0.00059737
   0.00059737  0.00059737  0.06033453  0.06033453  0.06033453  0.06033453
   0.00059737  0.00059737  0.00059737  0.00059737  0.00059737  0.00059737
   0.00059737  0.00059737  0.00059737  0.00059737  0.00059737  0.00059737
   0.00059737  0.00059737  0.17980884  0.00059737  0.00059737  0.06033453
   0.06033453  0.00059737  0.06033453  0.06033453  0.06033453  0.06033453
   0.06033453  0.00059737  0.00059737  0.00059737  0.00059737  0.00059737
   0.00059737  0.00059737  0.00059737  0.00059737  0.00059737  0.00059737
   0.00059737  0.00059737  0.00059737  0.00059737  0.00059737  0.00059737
   0.00059737  0.00059737  0.00059737  0.00059737  0.00059737  0.00059737
   0.00059737  0.00059737  0.00059737  0.00059737  0.00059737  0.00059737
   0.00059737  0.06033453  0.06033453  0.00059737  0.00059737  0.00059737
   0.00059737  0.00059737]
 [ 0.00053362  0.00053362  0.00053362  0.00053362  0.1072572   0.05389541
   0.00053362  0.05389541  0.00053362  0.00053362  0.00053362  0.00053362
   0.05389541  0.05389541  0.00053362  0.00053362  0.00053362  0.00053362
   0.00053362  0.00053362  0.05389541  0.05389541  0.05389541  0.05389541
   0.00053362  0.00053362  0.00053362  0.00053362  0.00053362  0.00053362
   0.00053362  0.00053362  0.00053362  0.00053362  0.00053362  0.00053362
   0.00053362  0.00053362  0.00053362  0.00053362  0.00053362  0.00053362
   0.05389541  0.00053362  0.05389541  0.05389541  0.00053362  0.00053362
   0.00053362  0.00053362  0.00053362  0.00053362  0.00053362  0.00053362
   0.00053362  0.00053362  0.00053362  0.00053362  0.00053362  0.00053362
   0.00053362  0.00053362  0.00053362  0.05389541  0.05389541  0.05389541
   0.05389541  0.00053362  0.00053362  0.05389541  0.00053362  0.00053362
   0.00053362  0.00053362]]
