Task 1A output
------------------------------------------

---------
SVD
---------
INPUT
------
python task1.py task1a Crime 0

OUTPUT
------
[[  0.00000000e+00   0.00000000e+00   0.00000000e+00   0.00000000e+00
    0.00000000e+00   0.00000000e+00   0.00000000e+00   0.00000000e+00
    0.00000000e+00   0.00000000e+00   0.00000000e+00   1.00000000e+00
    0.00000000e+00   0.00000000e+00   0.00000000e+00   0.00000000e+00
    0.00000000e+00   0.00000000e+00   0.00000000e+00   0.00000000e+00
    0.00000000e+00   0.00000000e+00   0.00000000e+00   0.00000000e+00
    0.00000000e+00   0.00000000e+00   0.00000000e+00   0.00000000e+00
    0.00000000e+00   0.00000000e+00   0.00000000e+00   0.00000000e+00
    0.00000000e+00   0.00000000e+00   0.00000000e+00   0.00000000e+00
    0.00000000e+00   0.00000000e+00   0.00000000e+00   0.00000000e+00
    0.00000000e+00   0.00000000e+00   0.00000000e+00   0.00000000e+00
    0.00000000e+00   0.00000000e+00   0.00000000e+00   0.00000000e+00
    0.00000000e+00   0.00000000e+00   0.00000000e+00   0.00000000e+00
    0.00000000e+00   0.00000000e+00   0.00000000e+00   0.00000000e+00
    0.00000000e+00   0.00000000e+00   0.00000000e+00   0.00000000e+00
    0.00000000e+00   0.00000000e+00   0.00000000e+00   0.00000000e+00
    0.00000000e+00   0.00000000e+00   0.00000000e+00   0.00000000e+00
    0.00000000e+00   0.00000000e+00   0.00000000e+00   0.00000000e+00
    0.00000000e+00   0.00000000e+00   0.00000000e+00   0.00000000e+00
    0.00000000e+00   0.00000000e+00   0.00000000e+00]
 [  0.00000000e+00   0.00000000e+00   0.00000000e+00   0.00000000e+00
    0.00000000e+00   0.00000000e+00   0.00000000e+00   0.00000000e+00
    0.00000000e+00   0.00000000e+00   0.00000000e+00   0.00000000e+00
    0.00000000e+00   0.00000000e+00   0.00000000e+00   0.00000000e+00
    0.00000000e+00   0.00000000e+00   0.00000000e+00   0.00000000e+00
    0.00000000e+00   0.00000000e+00   0.00000000e+00   0.00000000e+00
    0.00000000e+00   0.00000000e+00   0.00000000e+00   0.00000000e+00
    0.00000000e+00   0.00000000e+00   0.00000000e+00   0.00000000e+00
    0.00000000e+00   0.00000000e+00   0.00000000e+00   0.00000000e+00
    0.00000000e+00   0.00000000e+00   0.00000000e+00   0.00000000e+00
    0.00000000e+00   0.00000000e+00   0.00000000e+00   0.00000000e+00
    0.00000000e+00   0.00000000e+00   0.00000000e+00   0.00000000e+00
    0.00000000e+00   7.07106781e-01   0.00000000e+00   0.00000000e+00
    0.00000000e+00   0.00000000e+00   0.00000000e+00   0.00000000e+00
    0.00000000e+00   7.07106781e-01   0.00000000e+00   0.00000000e+00
    0.00000000e+00   0.00000000e+00   0.00000000e+00   0.00000000e+00
    0.00000000e+00   0.00000000e+00   0.00000000e+00   0.00000000e+00
    0.00000000e+00   0.00000000e+00   0.00000000e+00   0.00000000e+00
    0.00000000e+00   0.00000000e+00   0.00000000e+00   0.00000000e+00
    0.00000000e+00   0.00000000e+00   0.00000000e+00]
 [  0.00000000e+00   0.00000000e+00   0.00000000e+00   0.00000000e+00
    0.00000000e+00   0.00000000e+00   0.00000000e+00   0.00000000e+00
    0.00000000e+00   0.00000000e+00   0.00000000e+00   0.00000000e+00
    0.00000000e+00   0.00000000e+00   0.00000000e+00   0.00000000e+00
    0.00000000e+00   0.00000000e+00   0.00000000e+00   0.00000000e+00
    0.00000000e+00   0.00000000e+00   0.00000000e+00   0.00000000e+00
    0.00000000e+00   0.00000000e+00   0.00000000e+00   0.00000000e+00
    0.00000000e+00   0.00000000e+00   0.00000000e+00   0.00000000e+00
    0.00000000e+00   0.00000000e+00   0.00000000e+00   0.00000000e+00
    0.00000000e+00   0.00000000e+00   0.00000000e+00   0.00000000e+00
    0.00000000e+00   0.00000000e+00   0.00000000e+00   0.00000000e+00
    0.00000000e+00   0.00000000e+00   0.00000000e+00   7.92857272e-01
    0.00000000e+00   0.00000000e+00   0.00000000e+00   0.00000000e+00
    0.00000000e+00   0.00000000e+00   0.00000000e+00   0.00000000e+00
    0.00000000e+00   0.00000000e+00   0.00000000e+00   0.00000000e+00
    0.00000000e+00   0.00000000e+00   0.00000000e+00   0.00000000e+00
    0.00000000e+00   6.09407373e-01   0.00000000e+00   0.00000000e+00
    0.00000000e+00   0.00000000e+00   0.00000000e+00   0.00000000e+00
    0.00000000e+00   0.00000000e+00   0.00000000e+00   0.00000000e+00
    0.00000000e+00   0.00000000e+00   0.00000000e+00]
 [  0.00000000e+00   0.00000000e+00   4.27147449e-02   3.42132872e-18
    0.00000000e+00   0.00000000e+00   0.00000000e+00   0.00000000e+00
    0.00000000e+00   0.00000000e+00   0.00000000e+00   0.00000000e+00
    0.00000000e+00   0.00000000e+00   0.00000000e+00   0.00000000e+00
    0.00000000e+00   0.00000000e+00   0.00000000e+00   0.00000000e+00
    7.27658252e-01   0.00000000e+00   0.00000000e+00   0.00000000e+00
    0.00000000e+00   0.00000000e+00   0.00000000e+00   0.00000000e+00
    0.00000000e+00   0.00000000e+00   8.54294899e-02   0.00000000e+00
    0.00000000e+00   0.00000000e+00   0.00000000e+00   0.00000000e+00
    0.00000000e+00   1.81914563e-01   0.00000000e+00   0.00000000e+00
    0.00000000e+00   0.00000000e+00   1.42251947e-01   0.00000000e+00
    0.00000000e+00   5.45743689e-01   0.00000000e+00   0.00000000e+00
    0.00000000e+00   0.00000000e+00   0.00000000e+00   0.00000000e+00
    8.54294899e-02   0.00000000e+00   0.00000000e+00   0.00000000e+00
    0.00000000e+00   0.00000000e+00   0.00000000e+00   0.00000000e+00
    0.00000000e+00   0.00000000e+00   1.81914563e-01   0.00000000e+00
    0.00000000e+00   0.00000000e+00   0.00000000e+00   0.00000000e+00
    0.00000000e+00   0.00000000e+00   0.00000000e+00   4.27147449e-02
    4.27147449e-02   0.00000000e+00   0.00000000e+00   1.81914563e-01
    0.00000000e+00   1.81914563e-01   0.00000000e+00]]
-----------
PCA
-----------
INPUT
---------------------------------------------------------
python task1.py task1a Crime 1

[[  0.00000000e+00   0.00000000e+00  -7.21363587e-03  -5.55111512e-16
    0.00000000e+00   0.00000000e+00   0.00000000e+00   0.00000000e+00
    0.00000000e+00   0.00000000e+00   0.00000000e+00   9.95644144e-01
    0.00000000e+00   0.00000000e+00   0.00000000e+00   0.00000000e+00
    0.00000000e+00   0.00000000e+00   0.00000000e+00   0.00000000e+00
   -1.98994511e-02   0.00000000e+00   0.00000000e+00   0.00000000e+00
    0.00000000e+00   0.00000000e+00   0.00000000e+00   0.00000000e+00
    0.00000000e+00   0.00000000e+00  -1.44272717e-02   0.00000000e+00
    0.00000000e+00   0.00000000e+00   0.00000000e+00   0.00000000e+00
    0.00000000e+00  -4.97486278e-03   0.00000000e+00   0.00000000e+00
    0.00000000e+00   0.00000000e+00  -7.71866184e-03   0.00000000e+00
    0.00000000e+00  -1.49245883e-02   0.00000000e+00  -3.99940140e-02
    0.00000000e+00  -4.89823711e-02   0.00000000e+00   0.00000000e+00
   -1.44272717e-02   0.00000000e+00   0.00000000e+00   0.00000000e+00
    0.00000000e+00  -4.89823711e-02   0.00000000e+00   0.00000000e+00
    0.00000000e+00   0.00000000e+00  -4.97486278e-03   0.00000000e+00
    0.00000000e+00  -3.07402705e-02   0.00000000e+00   0.00000000e+00
    0.00000000e+00   0.00000000e+00   0.00000000e+00  -7.21363587e-03
   -7.21363587e-03   0.00000000e+00   0.00000000e+00  -4.97486278e-03
    0.00000000e+00  -4.97486278e-03   0.00000000e+00]
 [  0.00000000e+00   0.00000000e+00   1.19071990e-02   2.77555756e-17
    1.11022302e-16   0.00000000e+00   0.00000000e+00   0.00000000e+00
    0.00000000e+00   0.00000000e+00   0.00000000e+00  -5.43008045e-02
    0.00000000e+00   0.00000000e+00   0.00000000e+00   0.00000000e+00
    0.00000000e+00   0.00000000e+00   0.00000000e+00   0.00000000e+00
    3.47105040e-02   0.00000000e+00   0.00000000e+00   0.00000000e+00
    0.00000000e+00   0.00000000e+00   0.00000000e+00   0.00000000e+00
    0.00000000e+00   0.00000000e+00   2.38143980e-02   0.00000000e+00
    0.00000000e+00   0.00000000e+00   0.00000000e+00   0.00000000e+00
    0.00000000e+00   8.67762600e-03   0.00000000e+00   0.00000000e+00
    0.00000000e+00   0.00000000e+00   1.30358388e-02   0.00000000e+00
    0.00000000e+00   2.60328780e-02   0.00000000e+00   1.72882444e-01
    0.00000000e+00  -6.87601776e-01   0.00000000e+00   0.00000000e+00
    2.38143980e-02   0.00000000e+00   0.00000000e+00   0.00000000e+00
    0.00000000e+00  -6.87601776e-01   0.00000000e+00   0.00000000e+00
    0.00000000e+00   0.00000000e+00   8.67762600e-03   0.00000000e+00
    0.00000000e+00   1.32881213e-01   0.00000000e+00   0.00000000e+00
    0.00000000e+00   0.00000000e+00   0.00000000e+00   1.19071990e-02
    1.19071990e-02   0.00000000e+00   0.00000000e+00   8.67762600e-03
    0.00000000e+00   8.67762600e-03   0.00000000e+00]
 [  0.00000000e+00   0.00000000e+00  -2.40153561e-02  -1.11022302e-16
    0.00000000e+00   0.00000000e+00   0.00000000e+00   0.00000000e+00
    0.00000000e+00   0.00000000e+00   0.00000000e+00   5.85602720e-02
    0.00000000e+00   0.00000000e+00   0.00000000e+00   0.00000000e+00
    0.00000000e+00   0.00000000e+00   0.00000000e+00   0.00000000e+00
   -7.36325433e-02   0.00000000e+00   0.00000000e+00   0.00000000e+00
    0.00000000e+00   0.00000000e+00   0.00000000e+00   0.00000000e+00
    0.00000000e+00   0.00000000e+00  -4.80307122e-02   0.00000000e+00
    0.00000000e+00   0.00000000e+00   0.00000000e+00   0.00000000e+00
    0.00000000e+00  -1.84081358e-02   0.00000000e+00   0.00000000e+00
    0.00000000e+00   0.00000000e+00  -2.68657033e-02   0.00000000e+00
    0.00000000e+00  -5.52244074e-02   0.00000000e+00   7.67662530e-01
    0.00000000e+00   1.45296937e-01   0.00000000e+00   0.00000000e+00
   -4.80307122e-02   0.00000000e+00   0.00000000e+00   0.00000000e+00
    0.00000000e+00   1.45296937e-01   0.00000000e+00   0.00000000e+00
    0.00000000e+00   0.00000000e+00  -1.84081358e-02   0.00000000e+00
    0.00000000e+00   5.90042146e-01   0.00000000e+00   0.00000000e+00
    0.00000000e+00   0.00000000e+00   0.00000000e+00  -2.40153561e-02
   -2.40153561e-02   0.00000000e+00   0.00000000e+00  -1.84081358e-02
    0.00000000e+00  -1.84081358e-02   0.00000000e+00]
 [  0.00000000e+00   0.00000000e+00   9.29070319e-02   5.55111512e-17
   -2.77555756e-17   1.38777878e-17  -5.55111512e-17   0.00000000e+00
    0.00000000e+00   0.00000000e+00   0.00000000e+00  -2.48047840e-02
    0.00000000e+00   0.00000000e+00   0.00000000e+00   0.00000000e+00
    0.00000000e+00   0.00000000e+00   0.00000000e+00   0.00000000e+00
   -7.02997276e-01   0.00000000e+00   0.00000000e+00   0.00000000e+00
    0.00000000e+00   0.00000000e+00   0.00000000e+00   0.00000000e+00
    0.00000000e+00   0.00000000e+00   1.85814064e-01   0.00000000e+00
    0.00000000e+00   0.00000000e+00   0.00000000e+00   0.00000000e+00
    0.00000000e+00  -1.75749319e-01   0.00000000e+00   0.00000000e+00
    0.00000000e+00   0.00000000e+00  -5.24618838e-02   0.00000000e+00
    0.00000000e+00  -5.27247957e-01   0.00000000e+00  -4.89338060e-02
    0.00000000e+00  -3.26157286e-02   0.00000000e+00   0.00000000e+00
    1.85814064e-01   0.00000000e+00   0.00000000e+00   0.00000000e+00
    0.00000000e+00  -3.26157286e-02   0.00000000e+00   0.00000000e+00
    0.00000000e+00   0.00000000e+00  -1.75749319e-01   0.00000000e+00
    0.00000000e+00  -3.76115894e-02   0.00000000e+00   0.00000000e+00
    0.00000000e+00   0.00000000e+00   0.00000000e+00   9.29070319e-02
    9.29070319e-02   0.00000000e+00   0.00000000e+00  -1.75749319e-01
    0.00000000e+00  -1.75749319e-01   0.00000000e+00]]
----------------------
LDA
----------------------

INPUT
---------------------------------------------------------
python task1.py task1a Crime 2

[[ 0.00172712  0.00172712  0.00172712  0.00172712  0.00172712  0.00172712
   0.00172712  0.00172712  0.00172712  0.00172712  0.00172712  0.00172712
   0.00172712  0.00172712  0.00172712  0.00172712  0.00172712  0.00172712
   0.00172712  0.00172712  0.00172712  0.00172712  0.00172712  0.00172712
   0.00172712  0.00172712  0.00172712  0.00172712  0.00172712  0.00172712
   0.00172712  0.00172712  0.00172712  0.00172712  0.00172712  0.00172712
   0.00172712  0.00172712  0.00172712  0.00172712  0.00172712  0.00172712
   0.34715026  0.00172712  0.00172712  0.00172712  0.00172712  0.17443869
   0.00172712  0.00172712  0.00172712  0.00172712  0.00172712  0.00172712
   0.00172712  0.00172712  0.00172712  0.00172712  0.00172712  0.00172712
   0.00172712  0.00172712  0.00172712  0.00172712  0.00172712  0.17443869
   0.00172712  0.00172712  0.00172712  0.00172712  0.00172712  0.17443869
   0.00172712  0.00172712  0.00172712  0.00172712  0.00172712  0.00172712
   0.00172712]
 [ 0.00358423  0.00358423  0.00358423  0.00358423  0.00358423  0.00358423
   0.00358423  0.00358423  0.00358423  0.00358423  0.00358423  0.00358423
   0.00358423  0.00358423  0.00358423  0.00358423  0.00358423  0.00358423
   0.00358423  0.00358423  0.00358423  0.00358423  0.00358423  0.00358423
   0.00358423  0.00358423  0.00358423  0.00358423  0.00358423  0.00358423
   0.00358423  0.00358423  0.00358423  0.00358423  0.00358423  0.00358423
   0.00358423  0.00358423  0.00358423  0.00358423  0.00358423  0.00358423
   0.00358423  0.00358423  0.00358423  0.00358423  0.00358423  0.00358423
   0.00358423  0.36200717  0.00358423  0.00358423  0.00358423  0.00358423
   0.00358423  0.00358423  0.00358423  0.36200717  0.00358423  0.00358423
   0.00358423  0.00358423  0.00358423  0.00358423  0.00358423  0.00358423
   0.00358423  0.00358423  0.00358423  0.00358423  0.00358423  0.00358423
   0.00358423  0.00358423  0.00358423  0.00358423  0.00358423  0.00358423
   0.00358423]
 [ 0.00084818  0.00084818  0.00084818  0.00084818  0.00084818  0.00084818
   0.00084818  0.00084818  0.00084818  0.00084818  0.00084818  0.00084818
   0.00084818  0.00084818  0.00084818  0.00084818  0.00084818  0.00084818
   0.00084818  0.00084818  0.34011874  0.00084818  0.00084818  0.00084818
   0.00084818  0.00084818  0.00084818  0.00084818  0.00084818  0.00084818
   0.00084818  0.00084818  0.00084818  0.00084818  0.00084818  0.00084818
   0.00084818  0.08566582  0.00084818  0.00084818  0.00084818  0.00084818
   0.00084818  0.00084818  0.00084818  0.2553011   0.00084818  0.00084818
   0.00084818  0.00084818  0.00084818  0.00084818  0.00084818  0.00084818
   0.00084818  0.00084818  0.00084818  0.00084818  0.00084818  0.00084818
   0.00084818  0.00084818  0.08566582  0.00084818  0.00084818  0.00084818
   0.00084818  0.00084818  0.00084818  0.00084818  0.00084818  0.00084818
   0.00084818  0.00084818  0.00084818  0.08566582  0.00084818  0.08566582
   0.00084818]
 [ 0.00113766  0.00113766  0.1149033   0.00113766  0.00113766  0.00113766
   0.00113766  0.00113766  0.00113766  0.00113766  0.00113766  0.22866894
   0.00113766  0.00113766  0.00113766  0.00113766  0.00113766  0.00113766
   0.00113766  0.00113766  0.00113766  0.00113766  0.00113766  0.00113766
   0.00113766  0.00113766  0.00113766  0.00113766  0.00113766  0.00113766
   0.22866894  0.00113766  0.00113766  0.00113766  0.00113766  0.00113766
   0.00113766  0.00113766  0.00113766  0.00113766  0.00113766  0.00113766
   0.00113766  0.00113766  0.00113766  0.00113766  0.00113766  0.00113766
   0.00113766  0.00113766  0.00113766  0.00113766  0.22866894  0.00113766
   0.00113766  0.00113766  0.00113766  0.00113766  0.00113766  0.00113766
   0.00113766  0.00113766  0.00113766  0.00113766  0.00113766  0.00113766
   0.00113766  0.00113766  0.00113766  0.00113766  0.00113766  0.00113766
   0.1149033   0.00113766  0.00113766  0.00113766  0.00113766  0.00113766
   0.00113766]]
